0 0 1994
1 1994 3117
2 5111 6284
3 11395 996
4 12391 6645
5 19036 950
6 19986 1160
7 21146 798
8 21944 6297
9 28241 2831
10 31072 5051
11 36123 9075
12 45198 7360
13 52558 1849
14 54407 5496
15 59903 3619
16 63522 1529
17 65051 645
18 65696 3290
19 68986 9069
20 78055 2884
21 80939 2219
22 83158 5682
23 88840 1314
24 90154 4398
25 94552 694
26 95246 2567
27 97813 1556
28 99369 1147
29 100516 2516
30 103032 4367
31 107399 2913
32 110312 5398
33 115710 5833
34 121543 4446
35 125989 2763
36 128752 2083
37 130835 1083
38 131918 823
39 132741 2642
40 135383 5744
41 141127 963
42 142090 1835
43 143925 1762
44 145687 7481
45 153168 1222
46 154390 2219
47 156609 2431
48 159040 1395
49 160435 584
50 161019 4998
51 166017 6087
52 172104 11593
53 183697 1237
54 184934 2356
55 187290 1043
56 188333 1282
57 189615 2188
58 191803 2802
59 194605 5173
60 199778 2439
61 202217 3021
62 205238 20017
63 225255 2862
64 228117 1628
65 229745 2251
66 231996 1769
67 233765 1462
68 235227 7323
69 242550 4579
70 247129 12556
71 259685 2418
72 262103 1834
73 263937 1459
74 265396 3114
75 268510 1385
76 269895 3861
77 273756 1117
78 274873 1144
79 276017 1350
80 277367 2414
81 279781 1973
82 281754 2374
83 284128 3429
84 287557 209
85 287766 982
86 288748 7275
87 296023 5185
88 301208 6527
89 307735 4418
90 312153 3693
91 315846 2746
92 318592 30559
93 349151 3943
94 353094 5224
95 358318 2856
96 361174 1968
97 363142 4712
98 367854 1230
99 369084 2558
100 371642 1591
101 373233 221
102 373454 2808
103 376262 940
104 377202 1064
105 378266 15412
106 393678 6381
107 400059 13894
108 413953 733
109 414686 2766
110 417452 2048
111 419500 2591
112 422091 2773
113 424864 1766
114 426630 19846
115 446476 9038
116 455514 3568
117 459082 3550
118 462632 3391
119 466023 2098
120 468121 3332
121 471453 422
122 471875 2536
123 474411 2897
124 477308 13867
125 491175 1803
126 492978 4076
127 497054 2751
128 499805 2954
129 502759 921
130 503680 681
131 504361 19935
132 524296 3818
133 528114 230
134 528344 28418
135 556762 4174
136 560936 7349
137 568285 9253
138 577538 30006
139 607544 19513
140 627057 954
141 628011 608
142 628619 2328
143 630947 1610
144 632557 4961
145 637518 3311
146 640829 4044
147 644873 2496
148 647369 4587
149 651956 1140
150 653096 1999
151 655095 666
152 655761 413
153 656174 9838
154 666012 2293
155 668305 852
156 669157 30151
157 699308 3508
158 702816 903
159 703719 2570
160 706289 3098
161 709387 328
162 709715 7170
163 716885 18862
164 735747 5669
165 741416 1298
166 742714 2175
167 744889 2343
168 747232 2604
169 749836 2552
170 752388 1238
171 753626 8928
172 762554 3623
173 766177 2136
174 768313 2345
175 770658 21866
176 792524 844
177 793368 383
178 793751 1146
179 794897 3816
180 798713 1111
181 799824 3511
182 803335 3246
183 806581 1581
184 808162 1350
185 809512 2020
186 811532 2140
187 813672 1278
188 814950 1293
189 816243 3870
190 820113 530
191 820643 6428
192 827071 2555
193 829626 3644
194 833270 785
195 834055 1265
196 835320 2370
197 837690 653
198 838343 770
199 839113 4976
200 844089 740
201 844829 3223
202 848052 745
203 848797 6197
204 854994 6337
205 861331 5727
206 867058 10655
207 877713 3795
208 881508 1562
209 883070 2145
210 885215 9528
211 894743 4278
212 899021 6373
213 905394 3042
214 908436 6086
215 914522 6066
216 920588 1683
217 922271 6474
218 928745 3289
219 932034 6668
220 938702 8968
221 947670 1395
222 949065 2907
223 951972 1779
224 953751 3337
225 957088 6018
226 963106 6819
227 969925 6334
228 976259 6479
229 982738 9609
230 992347 9712
231 1002059 1199
232 1003258 719
233 1003977 1149
234 1005126 3799
235 1008925 678
236 1009603 5503
237 1015106 1394
238 1016500 2781
239 1019281 2323
240 1021604 5574
241 1027178 12220
242 1039398 2569
243 1041967 26188
244 1068155 3713
245 1071868 4045
246 1075913 12433
247 1088346 4410
248 1092756 3863
249 1096619 14654
250 1111273 12276
251 1123549 3678
252 1127227 1627
253 1128854 9085
254 1137939 1810
255 1139749 684
256 1140433 3242
257 1143675 2847
258 1146522 5838
259 1152360 9558
260 1161918 4026
261 1165944 1161
262 1167105 1756
263 1168861 5511
264 1174372 4600
265 1178972 4528
266 1183500 4397
267 1187897 1842
268 1189739 4343
269 1194082 3668
270 1197750 6175
271 1203925 4194
272 1208119 1100
273 1209219 731
274 1209950 8847
275 1218797 3968
276 1222765 7034
277 1229799 1523
278 1231322 2462
279 1233784 1082
280 1234866 1020
281 1235886 1010
282 1236896 5303
283 1242199 10893
284 1253092 740
285 1253832 661
286 1254493 4005
287 1258498 10011
288 1268509 1308
289 1269817 3113
290 1272930 871
291 1273801 773
292 1274574 620
293 1275194 975
294 1276169 719
295 1276888 1722
296 1278610 12326
297 1290936 4330
298 1295266 11195
299 1306461 3614
300 1310075 471
301 1310546 3145
302 1313691 2107
303 1315798 10113
304 1325911 1124
305 1327035 1340
306 1328375 5153
307 1333528 2527
308 1336055 6610
309 1342665 7768
310 1350433 1416
311 1351849 1760
312 1353609 2234
313 1355843 3409
314 1359252 1883
315 1361135 2094
316 1363229 6006
317 1369235 2074
318 1371309 1458
319 1372767 1110
320 1373877 3167
321 1377044 6314
322 1383358 1951
323 1385309 2390
324 1387699 2607
325 1390306 2594
326 1392900 3593
327 1396493 1393
328 1397886 8436
329 1406322 3871
330 1410193 1468
331 1411661 10341
332 1422002 4085
333 1426087 7181
334 1433268 9966
335 1443234 3363
336 1446597 6497
337 1453094 4376
338 1457470 4664
339 1462134 2997
340 1465131 1332
341 1466463 3064
342 1469527 1945
343 1471472 1668
344 1473140 1716
345 1474856 3351
346 1478207 2061
347 1480268 2124
348 1482392 986
349 1483378 1888
350 1485266 3938
351 1489204 2204
352 1491408 5363
353 1496771 1742
354 1498513 1889
355 1500402 2540
356 1502942 2184
357 1505126 2373
358 1507499 2154
359 1509653 1783
360 1511436 2379
361 1513815 5994
362 1519809 4957
363 1524766 1640
364 1526406 13678
365 1540084 5340
366 1545424 978
367 1546402 14392
368 1560794 1855
369 1562649 1589
370 1564238 1079
371 1565317 1469
372 1566786 1763
373 1568549 6044
374 1574593 2982
375 1577575 3053
376 1580628 2382
377 1583010 1958
378 1584968 2838
379 1587806 5381
380 1593187 15269
381 1608456 7193
382 1615649 3335
383 1618984 3228
384 1622212 2542
385 1624754 2936
386 1627690 1342
387 1629032 2292
388 1631324 5229
389 1636553 1598
390 1638151 1292
391 1639443 1700
392 1641143 1988
393 1643131 2060
394 1645191 2563
395 1647754 2024
396 1649778 1486
397 1651264 1483
398 1652747 1394
399 1654141 2472
400 1656613 2810
401 1659423 2697
402 1662120 1249
403 1663369 1103
404 1664472 860
405 1665332 980
406 1666312 995
407 1667307 2357
408 1669664 1739
409 1671403 1148
410 1672551 902
411 1673453 1133
412 1674586 1355
413 1675941 998
414 1676939 1947
415 1678886 2617
416 1681503 1271
417 1682774 2738
418 1685512 2814
419 1688326 2994
420 1691320 1059
421 1692379 3614
422 1695993 2532
423 1698525 4303
424 1702828 3333
425 1706161 5888
426 1712049 3308
427 1715357 921
428 1716278 2326
429 1718604 4603
430 1723207 2310
431 1725517 803
432 1726320 5813
433 1732133 1230
434 1733363 6024
435 1739387 875
436 1740262 1616
437 1741878 873
438 1742751 3280
439 1746031 6381
440 1752412 829
441 1753241 3415
442 1756656 4048
443 1760704 1249
444 1761953 1083
445 1763036 1802
446 1764838 1535
447 1766373 2495
448 1768868 2494
449 1771362 1748
450 1773110 1379
451 1774489 2904
452 1777393 2435
453 1779828 1568
454 1781396 1861
455 1783257 1081
456 1784338 953
457 1785291 3356
458 1788647 1958
459 1790605 1929
460 1792534 2222
461 1794756 1954
462 1796710 3100
463 1799810 1788
464 1801598 3180
465 1804778 3780
466 1808558 522
467 1809080 1105
468 1810185 810
469 1810995 2560
470 1813555 1058
471 1814613 2262
472 1816875 1858
473 1818733 1424
474 1820157 725
475 1820882 1675
476 1822557 2528
477 1825085 1564
478 1826649 2281
479 1828930 2379
480 1831309 2244
481 1833553 1068
482 1834621 2506
483 1837127 1421
484 1838548 4151
485 1842699 2102
486 1844801 1793
487 1846594 2244
488 1848838 4203
489 1853041 541
490 1853582 832
491 1854414 2559
492 1856973 4203
493 1861176 3545
494 1864721 908
495 1865629 4075
496 1869704 3508
497 1873212 1221
498 1874433 2388
499 1876821 2638
500 1879459 788
501 1880247 1095
502 1881342 2937
503 1884279 4399
504 1888678 9686
505 1898364 2209
506 1900573 3162
507 1903735 2107
508 1905842 2283
509 1908125 26801
510 1934926 1901
511 1936827 1781
512 1938608 5337
513 1943945 5439
514 1949384 2510
515 1951894 3401
516 1955295 4793
517 1960088 3736
518 1963824 3372
519 1967196 15349
520 1982545 4145
521 1986690 3582
522 1990272 10166
523 2000438 1689
524 2002127 1512
525 2003639 5855
526 2009494 10896
527 2020390 5337
528 2025727 3845
529 2029572 2204
530 2031776 1351
531 2033127 685
532 2033812 1541
533 2035353 4634
534 2039987 2748
535 2042735 1958
536 2044693 8761
537 2053454 6241
538 2059695 5191
539 2064886 1973
540 2066859 6473
541 2073332 2975
542 2076307 2941
543 2079248 7477
544 2086725 1703
545 2088428 2028
546 2090456 2591
547 2093047 1710
548 2094757 1621
549 2096378 10824
550 2107202 7581
551 2114783 3390
552 2118173 3048
553 2121221 1906
554 2123127 5573
555 2128700 8169
556 2136869 3206
557 2140075 592
558 2140667 3659
559 2144326 5110
560 2149436 6922
561 2156358 942
562 2157300 2376
563 2159676 4345
564 2164021 3565
565 2167586 2906
566 2170492 5639
567 2176131 5111
568 2181242 7314
569 2188556 1131
570 2189687 3940
571 2193627 1364
572 2194991 7333
573 2202324 3298
574 2205622 4387
575 2210009 4883
576 2214892 2352
577 2217244 6057
578 2223301 2290
579 2225591 1720
580 2227311 15253
581 2242564 9321
582 2251885 5410
583 2257295 1395
584 2258690 5657
585 2264347 1402
586 2265749 6577
587 2272326 4646
588 2276972 4600
589 2281572 9720
590 2291292 1743
591 2293035 3478
592 2296513 15827
593 2312340 9608
594 2321948 3922
595 2325870 7861
596 2333731 13845
597 2347576 3811
598 2351387 14128
599 2365515 5417
600 2370932 3329
601 2374261 3678
602 2377939 6335
603 2384274 1487
604 2385761 2677
605 2388438 2093
606 2390531 3103
607 2393634 1604
608 2395238 8495
609 2403733 3490
610 2407223 3382
611 2410605 1366
612 2411971 7899
613 2419870 8169
614 2428039 8592
615 2436631 5666
616 2442297 7363
617 2449660 7043
618 2456703 5493
619 2462196 1794
620 2463990 6404
621 2470394 9046
622 2479440 3853
623 2483293 4595
624 2487888 2729
625 2490617 2398
626 2493015 3867
627 2496882 4811
628 2501693 4249
629 2505942 3249
630 2509191 7027
631 2516218 8508
632 2524726 8444
633 2533170 2798
634 2535968 666
635 2536634 4191
636 2540825 8137
637 2548962 8267
638 2557229 5409
639 2562638 2422
640 2565060 7573
641 2572633 6625
642 2579258 3457
643 2582715 2878
644 2585593 1058
645 2586651 3054
646 2589705 10606
647 2600311 7537
648 2607848 7592
649 2615440 1049
650 2616489 2973
651 2619462 1794
652 2621256 8027
653 2629283 6911
654 2636194 4066
655 2640260 1040
656 2641300 9545
657 2650845 9604
658 2660449 2694
659 2663143 3786
660 2666929 5666
661 2672595 14727
662 2687322 3045
663 2690367 4443
664 2694810 7859
665 2702669 6462
666 2709131 2507
667 2711638 3841
668 2715479 3792
669 2719271 1867
670 2721138 3386
671 2724524 5054
672 2729578 2248
673 2731826 1114
674 2732940 1371
675 2734311 3995
676 2738306 999
677 2739305 3473
678 2742778 3283
679 2746061 3675
680 2749736 3276
681 2753012 2464
682 2755476 994
683 2756470 1261
684 2757731 8043
685 2765774 6965
686 2772739 4469
687 2777208 7264
688 2784472 996
689 2785468 3316
690 2788784 9037
691 2797821 2144
692 2799965 6270
693 2806235 6260
694 2812495 1150
695 2813645 818
696 2814463 6824
697 2821287 3581
698 2824868 2680
699 2827548 1031
700 2828579 5298
701 2833877 1303
702 2835180 14562
703 2849742 1097
704 2850839 1329
705 2852168 5219
706 2857387 2500
707 2859887 3099
708 2862986 6836
709 2869822 6203
710 2876025 9118
711 2885143 11641
712 2896784 2067
713 2898851 6458
714 2905309 5744
715 2911053 9967
716 2921020 7676
717 2928696 204
718 2928900 240
719 2929140 265
720 2929405 192
721 2929597 226
722 2929823 204
723 2930027 249
724 2930276 5928
725 2936204 1233
726 2937437 4925
727 2942362 9898
728 2952260 5476
729 2957736 3013
730 2960749 1996
731 2962745 1962
732 2964707 2327
733 2967034 1828
734 2968862 1422
735 2970284 1506
736 2971790 1571
737 2973361 1641
738 2975002 3439
739 2978441 2535
740 2980976 15175
741 2996151 3283
742 2999434 7924
743 3007358 3670
744 3011028 3416
745 3014444 6128
746 3020572 2527
747 3023099 3680
748 3026779 2730
749 3029509 9297
750 3038806 1382
751 3040188 190
752 3040378 1930
753 3042308 4928
754 3047236 1402
755 3048638 1696
756 3050334 1838
757 3052172 2837
758 3055009 8118
759 3063127 7476
760 3070603 3487
761 3074090 9675
762 3083765 1649
763 3085414 958
764 3086372 1649
765 3088021 4125
766 3092146 3732
767 3095878 1019
768 3096897 14985
769 3111882 4125
770 3116007 6445
771 3122452 3471
772 3125923 3482
773 3129405 1220
774 3130625 4779
775 3135404 768
776 3136172 507
777 3136679 7757
778 3144436 2828
779 3147264 3619
780 3150883 2706
781 3153589 1219
782 3154808 999
783 3155807 2153
784 3157960 249
785 3158209 204
786 3158413 259
787 3158672 11808
788 3170480 5304
789 3175784 5857
790 3181641 1755
791 3183396 1071
792 3184467 22630
793 3207097 1522
794 3208619 6582
795 3215201 6378
796 3221579 9523
797 3231102 1641
798 3232743 3783
799 3236526 2111
800 3238637 4994
801 3243631 6537
802 3250168 4705
803 3254873 4226
804 3259099 3593
805 3262692 3038
806 3265730 4089
807 3269819 8625
808 3278444 4031
809 3282475 7521
810 3289996 38465
811 3328461 5411
812 3333872 17833
813 3351705 5282
814 3356987 2770
815 3359757 10523
816 3370280 3782
817 3374062 4715
818 3378777 5402
819 3384179 4823
820 3389002 5240
821 3394242 6726
822 3400968 6479
823 3407447 4675
824 3412122 4147
825 3416269 8940
826 3425209 8386
827 3433595 5462
828 3439057 4273
829 3443330 7417
830 3450747 7890
831 3458637 5647
832 3464284 5348
833 3469632 4462
834 3474094 4953
835 3479047 4305
836 3483352 4363
837 3487715 5331
838 3493046 1256
839 3494302 4002
840 3498304 19799
841 3518103 3703
842 3521806 6330
843 3528136 4666
844 3532802 2814
845 3535616 3475
846 3539091 3904
847 3542995 3466
848 3546461 4269
849 3550730 11893
850 3562623 4229
851 3566852 8195
852 3575047 7826
853 3582873 7972
854 3590845 7291
855 3598136 1632
856 3599768 5247
857 3605015 16388
858 3621403 4605
859 3626008 9403
860 3635411 5303
861 3640714 4196
862 3644910 4783
863 3649693 4032
864 3653725 10482
865 3664207 5548
866 3669755 4109
867 3673864 3137
868 3677001 3740
869 3680741 3905
870 3684646 3307
871 3687953 3408
872 3691361 18390
873 3709751 4804
874 3714555 5361
875 3719916 3391
876 3723307 11470
877 3734777 7872
878 3742649 19508
879 3762157 5456
880 3767613 1229
881 3768842 2131
882 3770973 2865
883 3773838 3663
884 3777501 19319
885 3796820 19728
886 3816548 4345
887 3820893 4297
888 3825190 3521
889 3828711 12536
890 3841247 6768
891 3848015 25667
892 3873682 11203
893 3884885 7090
894 3891975 1550
895 3893525 5943
896 3899468 6347
897 3905815 23534
898 3929349 1565
899 3930914 2809
900 3933723 4318
901 3938041 5446
902 3943487 3005
903 3946492 2754
904 3949246 3734
905 3952980 2127
906 3955107 4007
907 3959114 13033
908 3972147 2513
909 3974660 1919
910 3976579 3614
911 3980193 3851
912 3984044 3867
913 3987911 1902
914 3989813 5420
915 3995233 6838
916 4002071 2514
917 4004585 4577
918 4009162 6934
919 4016096 1507
920 4017603 2492
921 4020095 2678
922 4022773 812
923 4023585 5340
924 4028925 271
925 4029196 847
926 4030043 3547
927 4033590 5938
928 4039528 1245
929 4040773 1389
930 4042162 3663
931 4045825 4593
932 4050418 2389
933 4052807 2207
934 4055014 3775
935 4058789 4091
936 4062880 961
937 4063841 2940
938 4066781 1151
939 4067932 1791
940 4069723 2010
941 4071733 3122
942 4074855 7124
943 4081979 8561
944 4090540 3969
945 4094509 3975
946 4098484 4624
947 4103108 3918
948 4107026 4641
949 4111667 1176
950 4112843 4235
951 4117078 2719
952 4119797 1735
953 4121532 1097
954 4122629 4051
955 4126680 3871
956 4130551 2893
957 4133444 1309
958 4134753 3166
959 4137919 7679
960 4145598 18939
961 4164537 2208
962 4166745 3784
963 4170529 1666
964 4172195 4240
965 4176435 5118
966 4181553 8865
967 4190418 3139
968 4193557 13391
969 4206948 3732
970 4210680 200
971 4210880 6348
972 4217228 8660
973 4225888 5744
974 4231632 2168
975 4233800 4974
976 4238774 1233
977 4240007 3881
978 4243888 6334
979 4250222 1674
980 4251896 3451
981 4255347 2817
982 4258164 6316
983 4264480 5412
984 4269892 1810
985 4271702 6715
986 4278417 3638
987 4282055 10447
988 4292502 6996
989 4299498 4580
990 4304078 3542
991 4307620 6401
992 4314021 9604
993 4323625 1602
994 4325227 2818
995 4328045 2420
996 4330465 4549
997 4335014 8687
998 4343701 1571
999 4345272 4805
1000 4350077 1478
1001 4351555 3258
1002 4354813 1209
1003 4356022 1779
1004 4357801 4550
1005 4362351 1090
1006 4363441 4190
1007 4367631 1824
1008 4369455 2139
1009 4371594 222
1010 4371816 4927
1011 4376743 2628
1012 4379371 2598
1013 4381969 370
1014 4382339 1525
1015 4383864 1503
1016 4385367 2180
1017 4387547 1494
1018 4389041 1084
1019 4390125 2659
1020 4392784 1024
1021 4393808 337
1022 4394145 4563
1023 4398708 1284
1024 4399992 896
1025 4400888 3891
1026 4404779 1341
1027 4406120 3111
1028 4409231 2610
1029 4411841 544
1030 4412385 1290
1031 4413675 1241
1032 4414916 2497
1033 4417413 1198
1034 4418611 8100
1035 4426711 597
1036 4427308 1338
1037 4428646 7424
1038 4436070 3879
1039 4439949 3720
1040 4443669 3472
1041 4447141 7014
1042 4454155 4927
1043 4459082 1673
1044 4460755 1615
1045 4462370 2046
1046 4464416 1343
1047 4465759 515
1048 4466274 1354
1049 4467628 2292
1050 4469920 4465
1051 4474385 1541
1052 4475926 11500
1053 4487426 2052
1054 4489478 823
1055 4490301 927
1056 4491228 1068
1057 4492296 1823
1058 4494119 719
1059 4494838 11522
1060 4506360 1782
1061 4508142 2948
1062 4511090 3715
1063 4514805 954
1064 4515759 2203
1065 4517962 1231
1066 4519193 4744
1067 4523937 319
1068 4524256 7020
1069 4531276 1043
1070 4532319 1781
1071 4534100 2562
1072 4536662 1488
1073 4538150 1251
1074 4539401 6615
1075 4546016 3544
1076 4549560 1019
1077 4550579 3539
1078 4554118 1665
1079 4555783 3000
1080 4558783 1332
1081 4560115 521
1082 4560636 788
1083 4561424 4841
1084 4566265 1246
1085 4567511 6451
1086 4573962 2696
1087 4576658 451
1088 4577109 4232
1089 4581341 526
1090 4581867 1485
1091 4583352 2120
1092 4585472 2784
1093 4588256 3162
1094 4591418 1376
1095 4592794 1532
1096 4594326 1136
1097 4595462 1451
1098 4596913 2349
1099 4599262 597
1100 4599859 1304
1101 4601163 5479
1102 4606642 1251
1103 4607893 1963
1104 4609856 2667
1105 4612523 2413
1106 4614936 1211
1107 4616147 1136
1108 4617283 6782
1109 4624065 3170
1110 4627235 2604
1111 4629839 5223
1112 4635062 1925
1113 4636987 2567
1114 4639554 4755
1115 4644309 4712
1116 4649021 4477
1117 4653498 3098
1118 4656596 7651
1119 4664247 5773
1120 4670020 3513
1121 4673533 3332
1122 4676865 2372
1123 4679237 3483
1124 4682720 2183
1125 4684903 2048
1126 4686951 9114
1127 4696065 5385
1128 4701450 7475
1129 4708925 5398
1130 4714323 4818
1131 4719141 8194
1132 4727335 11868
1133 4739203 6291
1134 4745494 1446
1135 4746940 1871
1136 4748811 976
1137 4749787 5318
1138 4755105 2966
1139 4758071 684
1140 4758755 4204
1141 4762959 829
1142 4763788 3162
1143 4766950 747
1144 4767697 934
1145 4768631 4242
1146 4772873 3684
1147 4776557 1289
1148 4777846 1821
1149 4779667 1162
1150 4780829 1650
1151 4782479 892
1152 4783371 2507
1153 4785878 4378
1154 4790256 4679
1155 4794935 1115
1156 4796050 2243
1157 4798293 965
1158 4799258 1973
1159 4801231 907
1160 4802138 1204
1161 4803342 1494
1162 4804836 572
1163 4805408 3971
1164 4809379 1455
1165 4810834 4813
1166 4815647 2482
1167 4818129 2077
1168 4820206 2499
1169 4822705 2244
1170 4824949 3486
1171 4828435 1677
1172 4830112 1135
1173 4831247 2610
1174 4833857 2033
1175 4835890 1896
1176 4837786 4286
1177 4842072 14482
1178 4856554 2115
1179 4858669 6539
1180 4865208 13663
1181 4878871 9039
1182 4887910 3705
1183 4891615 4606
1184 4896221 3639
1185 4899860 5643
1186 4905503 1698
1187 4907201 9075
1188 4916276 3986
1189 4920262 1897
1190 4922159 9723
1191 4931882 6437
1192 4938319 2452
1193 4940771 4500
1194 4945271 7512
1195 4952783 2091
1196 4954874 3678
1197 4958552 4294
1198 4962846 1097
1199 4963943 2219
1200 4966162 408
1201 4966570 423
1202 4966993 438
1203 4967431 481
1204 4967912 453
1205 4968365 458
1206 4968823 484
1207 4969307 521
1208 4969828 469
1209 4970297 499
1210 4970796 471
1211 4971267 467
1212 4971734 482
1213 4972216 450
1214 4972666 519
1215 4973185 6731
1216 4979916 8211
1217 4988127 3695
1218 4991822 5004
1219 4996826 3503
1220 5000329 1857
1221 5002186 985
1222 5003171 1393
1223 5004564 1177
1224 5005741 2094
1225 5007835 1290
1226 5009125 1733
1227 5010858 1796
1228 5012654 2141
1229 5014795 1796
1230 5016591 7640
1231 5024231 18200
1232 5042431 3871
1233 5046302 4409
1234 5050711 3344
1235 5054055 3550
1236 5057605 10428
1237 5068033 4057
1238 5072090 1220
1239 5073310 901
1240 5074211 1502
1241 5075713 972
1242 5076685 1964
1243 5078649 4475
1244 5083124 1633
1245 5084757 6088
1246 5090845 7683
1247 5098528 1958
1248 5100486 3981
1249 5104467 2669
1250 5107136 4757
1251 5111893 8847
1252 5120740 4964
1253 5125704 7954
1254 5133658 4778
1255 5138436 10016
1256 5148452 2162
1257 5150614 1613
1258 5152227 2098
1259 5154325 1867
1260 5156192 2415
1261 5158607 2832
1262 5161439 2574
1263 5164013 13128
1264 5177141 2493
1265 5179634 2244
1266 5181878 2457
1267 5184335 3086
1268 5187421 1583
1269 5189004 10156
1270 5199160 9639
1271 5208799 4700
1272 5213499 6974
1273 5220473 3659
1274 5224132 3420
1275 5227552 2839
1276 5230391 5850
1277 5236241 3072
1278 5239313 5790
1279 5245103 4760
1280 5249863 13667
1281 5263530 3822
1282 5267352 2955
1283 5270307 1563
1284 5271870 8092
1285 5279962 5687
1286 5285649 12452
1287 5298101 3792
1288 5301893 2185
1289 5304078 5451
1290 5309529 5803
1291 5315332 7889
1292 5323221 10111
1293 5333332 3601
1294 5336933 3365
1295 5340298 2158
1296 5342456 369
1297 5342825 3760
1298 5346585 2006
1299 5348591 1476
1300 5350067 7354
1301 5357421 1022
1302 5358443 945
1303 5359388 1674
1304 5361062 3239
1305 5364301 1827
1306 5366128 4047
1307 5370175 2149
1308 5372324 4004
1309 5376328 1402
1310 5377730 4893
1311 5382623 2597
1312 5385220 1738
1313 5386958 1969
1314 5388927 1479
1315 5390406 675
1316 5391081 666
1317 5391747 689
1318 5392436 668
1319 5393104 709
1320 5393813 687
1321 5394500 697
1322 5395197 644
1323 5395841 637
1324 5396478 661
1325 5397139 643
1326 5397782 724
1327 5398506 692
1328 5399198 664
1329 5399862 637
1330 5400499 681
1331 5401180 633
1332 5401813 665
1333 5402478 651
1334 5403129 640
1335 5403769 660
1336 5404429 653
1337 5405082 663
1338 5405745 657
1339 5406402 673
1340 5407075 709
1341 5407784 657
1342 5408441 692
1343 5409133 672
1344 5409805 667
1345 5410472 687
1346 5411159 669
1347 5411828 673
1348 5412501 706
1349 5413207 662
1350 5413869 692
1351 5414561 704
1352 5415265 678
1353 5415943 705
1354 5416648 663
1355 5417311 680
1356 5417991 712
1357 5418703 691
1358 5419394 666
1359 5420060 643
1360 5420703 678
1361 5421381 657
1362 5422038 666
1363 5422704 643
1364 5423347 672
1365 5424019 660
1366 5424679 657
1367 5425336 660
1368 5425996 652
1369 5426648 662
1370 5427310 705
1371 5428015 658
1372 5428673 691
1373 5429364 672
1374 5430036 635
1375 5430671 673
1376 5431344 667
1377 5432011 688
1378 5432699 670
1379 5433369 707
1380 5434076 640
1381 5434716 657
1382 5435373 692
1383 5436065 668
1384 5436733 673
1385 5437406 664
1386 5438070 670
1387 5438740 688
1388 5439428 707
1389 5440135 658
1390 5440793 689
1391 5441482 655
1392 5442137 717
1393 5442854 673
1394 5443527 648
1395 5444175 677
1396 5444852 660
1397 5445512 671
1398 5446183 659
1399 5446842 646
1400 5447488 659
1401 5448147 654
1402 5448801 671
1403 5449472 655
1404 5450127 709
1405 5450836 680
1406 5451516 661
1407 5452177 691
1408 5452868 661
1409 5453529 665
1410 5454194 668
1411 5454862 667
1412 5455529 666
1413 5456195 688
1414 5456883 671
1415 5457554 706
1416 5458260 660
1417 5458920 692
1418 5459612 702
1419 5460314 668
1420 5460982 644
1421 5461626 670
1422 5462296 667
1423 5462963 686
1424 5463649 673
1425 5464322 707
1426 5465029 660
1427 5465689 668
1428 5466357 661
1429 5467018 716
1430 5467734 691
1431 5468425 661
1432 5469086 667
1433 5469753 671
1434 5470424 647
1435 5471071 665
1436 5471736 660
1437 5472396 662
1438 5473058 650
1439 5473708 665
1440 5474373 660
1441 5475033 663
1442 5475696 662
1443 5476358 675
1444 5477033 707
1445 5477740 630
1446 5478370 689
1447 5479059 660
1448 5479719 691
1449 5480410 666
1450 5481076 702
1451 5481778 688
1452 5482466 671
1453 5483137 667
1454 5483804 703
1455 5484507 660
1456 5485167 720
1457 5485887 642
1458 5486529 652
1459 5487181 688
1460 5487869 671
1461 5488540 672
1462 5489212 678
1463 5489890 707
1464 5490597 669
1465 5491266 686
1466 5491952 699
1467 5492651 666
1468 5493317 674
1469 5493991 660
1470 5494651 714
1471 5495365 717
1472 5496082 668
1473 5496750 691
1474 5497441 663
1475 5498104 650
1476 5498754 657
1477 5499411 660
1478 5500071 659
1479 5500730 690
1480 5501420 669
1481 5502089 646
1482 5502735 648
1483 5503383 647
1484 5504030 661
1485 5504691 659
1486 5505350 690
1487 5506040 676
1488 5506716 698
1489 5507414 658
1490 5508072 702
1491 5508774 689
1492 5509463 664
1493 5510127 689
1494 5510816 679
1495 5511495 693
1496 5512188 674
1497 5512862 675
1498 5513537 701
1499 5514238 656
1500 5514894 206
1501 5515100 189
1502 5515289 689
1503 5515978 673
1504 5516651 702
1505 5517353 708
1506 5518061 660
1507 5518721 666
1508 5519387 689
1509 5520076 656
1510 5520732 661
1511 5521393 658
1512 5522051 655
1513 5522706 699
1514 5523405 654
1515 5524059 668
1516 5524727 648
1517 5525375 638
1518 5526013 656
1519 5526669 660
1520 5527329 645
1521 5527974 658
1522 5528632 655
1523 5529287 672
1524 5529959 653
1525 5530612 660
1526 5531272 697
1527 5531969 704
1528 5532673 720
1529 5533393 694
1530 5534087 655
1531 5534742 670
1532 5535412 687
1533 5536099 651
1534 5536750 692
1535 5537442 647
1536 5538089 663
1537 5538752 674
1538 5539426 658
1539 5540084 672
1540 5540756 697
1541 5541453 655
1542 5542108 649
1543 5542757 690
1544 5543447 659
1545 5544106 675
1546 5544781 651
1547 5545432 697
1548 5546129 661
1549 5546790 677
1550 5547467 662
1551 5548129 672
1552 5548801 712
1553 5549513 709
1554 5550222 719
1555 5550941 658
1556 5551599 730
1557 5552329 687
1558 5553016 656
1559 5553672 662
1560 5554334 651
1561 5554985 683
1562 5555668 642
1563 5556310 648
1564 5556958 671
1565 5557629 651
1566 5558280 669
1567 5558949 656
1568 5559605 683
1569 5560288 647
1570 5560935 696
1571 5561631 679
1572 5562310 657
1573 5562967 689
1574 5563656 658
1575 5564314 660
1576 5564974 696
1577 5565670 682
1578 5566352 660
1579 5567012 662
1580 5567674 673
1581 5568347 657
1582 5569004 689
1583 5569693 696
1584 5570389 655
1585 5571044 648
1586 5571692 699
1587 5572391 667
1588 5573058 659
1589 5573717 683
1590 5574400 673
1591 5575073 650
1592 5575723 691
1593 5576414 729
1594 5577143 689
1595 5577832 660
1596 5578492 709
1597 5579201 708
1598 5579909 701
1599 5580610 717
1600 5581327 720
1601 5582047 694
1602 5582741 689
1603 5583430 689
1604 5584119 707
1605 5584826 692
1606 5585518 673
1607 5586191 699
1608 5586890 642
1609 5587532 650
1610 5588182 689
1611 5588871 662
1612 5589533 699
1613 5590232 662
1614 5590894 683
1615 5591577 662
1616 5592239 668
1617 5592907 645
1618 5593552 692
1619 5594244 675
1620 5594919 639
1621 5595558 699
1622 5596257 665
1623 5596922 665
1624 5597587 688
1625 5598275 668
1626 5598943 702
1627 5599645 651
1628 5600296 745
1629 5601041 745
1630 5601786 728
1631 5602514 689
1632 5603203 674
1633 5603877 641
1634 5604518 652
1635 5605170 654
1636 5605824 662
1637 5606486 635
1638 5607121 681
1639 5607802 629
1640 5608431 639
1641 5609070 663
1642 5609733 642
1643 5610375 676
1644 5611051 701
1645 5611752 651
1646 5612403 689
1647 5613092 215
1648 5613307 675
1649 5613982 696
1650 5614678 699
1651 5615377 682
1652 5616059 665
1653 5616724 688
1654 5617412 666
1655 5618078 674
1656 5618752 648
1657 5619400 680
1658 5620080 692
1659 5620772 699
1660 5621471 650
1661 5622121 690
1662 5622811 689
1663 5623500 653
1664 5624153 719
1665 5624872 685
1666 5625557 641
1667 5626198 667
1668 5626865 655
1669 5627520 654
1670 5628174 651
1671 5628825 629
1672 5629454 654
1673 5630108 646
1674 5630754 651
1675 5631405 655
1676 5632060 650
1677 5632710 661
1678 5633371 694
1679 5634065 661
1680 5634726 687
1681 5635413 643
1682 5636056 671
1683 5636727 655
1684 5637382 720
1685 5638102 697
1686 5638799 689
1687 5639488 696
1688 5640184 662
1689 5640846 662
1690 5641508 655
1691 5642163 678
1692 5642841 650
1693 5643491 664
1694 5644155 661
1695 5644816 690
1696 5645506 660
1697 5646166 683
1698 5646849 700
1699 5647549 696
1700 5648245 675
1701 5648920 668
1702 5649588 675
1703 5650263 661
1704 5650924 690
1705 5651614 663
1706 5652277 673
1707 5652950 658
1708 5653608 650
1709 5654258 645
1710 5654903 654
1711 5655557 638
1712 5656195 651
1713 5656846 669
1714 5657515 651
1715 5658166 648
1716 5658814 696
1717 5659510 677
1718 5660187 660
1719 5660847 699
1720 5661546 689
1721 5662235 662
1722 5662897 699
1723 5663596 666
1724 5664262 667
1725 5664929 693
1726 5665622 679
1727 5666301 660
1728 5666961 689
1729 5667650 688
1730 5668338 663
1731 5669001 740
1732 5669741 679
1733 5670420 691
1734 5671111 646
1735 5671757 648
1736 5672405 639
1737 5673044 699
1738 5673743 693
1739 5674436 669
1740 5675105 668
1741 5675773 678
1742 5676451 660
1743 5677111 689
1744 5677800 667
1745 5678467 647
1746 5679114 654
1747 5679768 650
1748 5680418 643
1749 5681061 655
1750 5681716 647
1751 5682363 664
1752 5683027 630
1753 5683657 643
1754 5684300 659
1755 5684959 655
1756 5685614 699
1757 5686313 680
1758 5686993 687
1759 5687680 655
1760 5688335 669
1761 5689004 689
1762 5689693 648
1763 5690341 661
1764 5691002 662
1765 5691664 638
1766 5692302 642
1767 5692944 699
1768 5693643 663
1769 5694306 692
1770 5694998 659
1771 5695657 674
1772 5696331 655
1773 5696986 634
1774 5697620 689
1775 5698309 661
1776 5698970 699
1777 5699669 690
1778 5700359 662
1779 5701021 692
1780 5701713 661
1781 5702374 665
1782 5703039 655
1783 5703694 689
1784 5704383 643
1785 5705026 649
1786 5705675 669
1787 5706344 671
1788 5707015 644
1789 5707659 642
1790 5708301 694
1791 5708995 670
1792 5709665 641
1793 5710306 641
1794 5710947 699
1795 5711646 634
1796 5712280 673
1797 5712953 714
1798 5713667 673
1799 5714340 640
1800 5714980 645
1801 5715625 641
1802 5716266 652
1803 5716918 631
1804 5717549 655
1805 5718204 637
1806 5718841 637
1807 5719478 664
1808 5720142 646
1809 5720788 689
1810 5721477 660
1811 5722137 698
1812 5722835 629
1813 5723464 667
1814 5724131 657
1815 5724788 3233
1816 5728021 3726
1817 5731747 4247
1818 5735994 3594
1819 5739588 14566
1820 5754154 3039
1821 5757193 4801
1822 5761994 4090
1823 5766084 2618
1824 5768702 2716
1825 5771418 3567
1826 5774985 3467
1827 5778452 19800
1828 5798252 4003
1829 5802255 1257
1830 5803512 4165
1831 5807677 3665
1832 5811342 5332
1833 5816674 4306
1834 5820980 3782
1835 5824762 4364
1836 5829126 3059
1837 5832185 1683
1838 5833868 4293
1839 5838161 3740
1840 5841901 3183
1841 5845084 3989
1842 5849073 4144
1843 5853217 3541
1844 5856758 3653
1845 5860411 3804
1846 5864215 3995
1847 5868210 3469
1848 5871679 4314
1849 5875993 10483
1850 5886476 3773
1851 5890249 4723
1852 5894972 3515
1853 5898487 4033
1854 5902520 4784
1855 5907304 4197
1856 5911501 3955
1857 5915456 3482
1858 5918938 2857
1859 5921795 3088
1860 5924883 3128
1861 5928011 4055
1862 5932066 3257
1863 5935323 19320
1864 5954643 4346
1865 5958989 3389
1866 5962378 1551
1867 5963929 3451
1868 5967380 3513
1869 5970893 19509
1870 5990402 4677
1871 5995079 1514
1872 5996593 3417
1873 6000010 4860
1874 6004870 4154
1875 6009024 3346
1876 6012370 1230
1877 6013600 3457
1878 6017057 5457
1879 6022514 3779
1880 6026293 5069
1881 6031362 3180
1882 6034542 3280
1883 6037822 3634
1884 6041456 3724
1885 6045180 3480
1886 6048660 2729
1887 6051389 3236
1888 6054625 3644
1889 6058269 3189
1890 6061458 3540
1891 6064998 18907
1892 6083905 4502
1893 6088407 3777
1894 6092184 3611
1895 6095795 1590
1896 6097385 4319
1897 6101704 1236
1898 6102940 930
1899 6103870 2956
1900 6106826 4053
1901 6110879 3541
1902 6114420 2846
1903 6117266 3526
1904 6120792 2608
1905 6123400 1109
1906 6124509 4212
1907 6128721 19772
1908 6148493 3811
1909 6152304 4812
1910 6157116 3329
1911 6160445 4801
1912 6165246 3301
1913 6168547 3263
1914 6171810 3635
1915 6175445 2677
1916 6178122 2752
1917 6180874 1930
1918 6182804 2393
1919 6185197 7129
1920 6192326 1555
1921 6193881 1137
1922 6195018 1137
1923 6196155 1127
1924 6197282 1137
1925 6198419 1137
1926 6199556 1137
1927 6200693 1137
1928 6201830 1137
1929 6202967 1137
1930 6204104 800
1931 6204904 1116
1932 6206020 8040
1933 6214060 5515
1934 6219575 1323
1935 6220898 2005
1936 6222903 4736
1937 6227639 6746
1938 6234385 8129
1939 6242514 3889
1940 6246403 5497
1941 6251900 1234
1942 6253134 8781
1943 6261915 6029
1944 6267944 2065
1945 6270009 4428
1946 6274437 1937
1947 6276374 9322
1948 6285696 2399
1949 6288095 1273
1950 6289368 2926
1951 6292294 2158
1952 6294452 3013
1953 6297465 967
1954 6298432 3781
1955 6302213 2591
1956 6304804 1517
1957 6306321 3398
1958 6309719 1658
1959 6311377 6349
1960 6317726 2467
1961 6320193 2151
1962 6322344 5050
1963 6327394 8520
1964 6335914 5174
1965 6341088 1103
1966 6342191 1315
1967 6343506 1478
1968 6344984 2462
1969 6347446 2361
1970 6349807 1823
1971 6351630 3490
1972 6355120 2423
1973 6357543 3908
1974 6361451 3738
1975 6365189 447
1976 6365636 13397
1977 6379033 9609
1978 6388642 2460
1979 6391102 2087
1980 6393189 2428
1981 6395617 2657
1982 6398274 6352
1983 6404626 7963
1984 6412589 5191
1985 6417780 5911
1986 6423691 4542
1987 6428233 2499
1988 6430732 2485
1989 6433217 7377
1990 6440594 8518
1991 6449112 5418
1992 6454530 670
1993 6455200 2802
1994 6458002 3253
1995 6461255 1148
1996 6462403 1778
1997 6464181 1924
1998 6466105 644
1999 6466749 488
2000 6467237 604
2001 6467841 2576
2002 6470417 2512
2003 6472929 1923
2004 6474852 5755
2005 6480607 2033
2006 6482640 3818
2007 6486458 8141
2008 6494599 4195
2009 6498794 2382
2010 6501176 1577
2011 6502753 3006
2012 6505759 1776
2013 6507535 8314
2014 6515849 1701
2015 6517550 9592
2016 6527142 2022
2017 6529164 1856
2018 6531020 2648
2019 6533668 3188
2020 6536856 9562
2021 6546418 3459
2022 6549877 8338
2023 6558215 2144
2024 6560359 1735
2025 6562094 1055
2026 6563149 1473
2027 6564622 1067
2028 6565689 1369
2029 6567058 5325
2030 6572383 4984
2031 6577367 2157
2032 6579524 1744
2033 6581268 4012
2034 6585280 2329
2035 6587609 2263
2036 6589872 7680
2037 6597552 1333
2038 6598885 1490
2039 6600375 4273
2040 6604648 1275
2041 6605923 1239
2042 6607162 1417
2043 6608579 1694
2044 6610273 5160
2045 6615433 2526
2046 6617959 1380
2047 6619339 3179
2048 6622518 10804
2049 6633322 3838
2050 6637160 9527
2051 6646687 3794
2052 6650481 1551
2053 6652032 2116
2054 6654148 6990
2055 6661138 1864
2056 6663002 7271
2057 6670273 3329
2058 6673602 1919
2059 6675521 12805
2060 6688326 5228
2061 6693554 4660
2062 6698214 1383
2063 6699597 2477
2064 6702074 2321
2065 6704395 2153
2066 6706548 3620
2067 6710168 1394
2068 6711562 11055
2069 6722617 1175
2070 6723792 683
2071 6724475 4726
2072 6729201 2046
2073 6731247 1302
2074 6732549 911
2075 6733460 7364
2076 6740824 3102
2077 6743926 1900
2078 6745826 2880
2079 6748706 980
2080 6749686 1322
2081 6751008 1362
2082 6752370 535
2083 6752905 3977
2084 6756882 4605
2085 6761487 4932
2086 6766419 3240
2087 6769659 2193
2088 6771852 866
2089 6772718 796
2090 6773514 1251
2091 6774765 5661
2092 6780426 1591
2093 6782017 776
2094 6782793 1685
2095 6784478 12934
2096 6797412 565
2097 6797977 1845
2098 6799822 2474
2099 6802296 2322
2100 6804618 2689
2101 6807307 1655
2102 6808962 628
2103 6809590 2164
2104 6811754 2198
2105 6813952 2200
2106 6816152 2329
2107 6818481 2134
2108 6820615 491
2109 6821106 2430
2110 6823536 1241
2111 6824777 3093
2112 6827870 1563
2113 6829433 715
2114 6830148 1050
2115 6831198 5106
2116 6836304 7807
2117 6844111 5294
2118 6849405 10955
2119 6860360 1831
2120 6862191 7233
2121 6869424 3667
2122 6873091 7884
2123 6880975 483
2124 6881458 5219
2125 6886677 2500
2126 6889177 3099
2127 6892276 3872
2128 6896148 759
2129 6896907 879
2130 6897786 5648
2131 6903434 1487
2132 6904921 2137
2133 6907058 2614
2134 6909672 3657
2135 6913329 3261
2136 6916590 2087
2137 6918677 4832
2138 6923509 10065
2139 6933574 594
2140 6934168 3150
2141 6937318 3450
2142 6940768 5303
2143 6946071 3757
2144 6949828 6217
2145 6956045 9801
2146 6965846 2080
2147 6967926 1633
2148 6969559 3114
2149 6972673 5555
2150 6978228 3663
2151 6981891 1986
2152 6983877 4382
2153 6988259 1369
2154 6989628 9418
2155 6999046 4557
2156 7003603 2576
2157 7006179 3564
2158 7009743 1778
2159 7011521 1486
2160 7013007 1498
2161 7014505 4698
2162 7019203 2890
2163 7022093 8511
2164 7030604 7746
2165 7038350 5286
2166 7043636 3037
2167 7046673 7133
2168 7053806 1208
2169 7055014 2798
2170 7057812 2589
2171 7060401 1952
2172 7062353 2311
2173 7064664 534
2174 7065198 5861
2175 7071059 525
2176 7071584 2068
2177 7073652 6593
2178 7080245 5855
2179 7086100 2513
2180 7088613 3069
2181 7091682 8908
2182 7100590 3604
2183 7104194 3874
2184 7108068 3036
2185 7111104 8905
2186 7120009 4006
2187 7124015 3375
2188 7127390 3609
2189 7130999 1479
2190 7132478 4469
2191 7136947 1027
2192 7137974 1777
2193 7139751 5572
2194 7145323 2091
2195 7147414 1796
2196 7149210 15761
2197 7164971 5882
2198 7170853 2256
2199 7173109 2620
2200 7175729 5378
2201 7181107 3915
2202 7185022 13667
2203 7198689 3817
2204 7202506 1861
2205 7204367 3619
2206 7207986 6534
2207 7214520 2969
2208 7217489 559
2209 7218048 4657
2210 7222705 4521
2211 7227226 2703
2212 7229929 4713
2213 7234642 2157
2214 7236799 743
2215 7237542 8023
2216 7245565 11483
2217 7257048 2037
2218 7259085 3587
2219 7262672 5145
2220 7267817 5316
2221 7273133 5125
2222 7278258 6285
2223 7284543 1026
2224 7285569 7135
2225 7292704 2931
2226 7295635 9469
2227 7305104 4201
2228 7309305 6388
2229 7315693 2877
2230 7318570 1598
2231 7320168 2902
2232 7323070 3384
2233 7326454 1764
2234 7328218 5504
2235 7333722 9000
2236 7342722 187
2237 7342909 2285
2238 7345194 8369
2239 7353563 6768
2240 7360331 6422
2241 7366753 3675
2242 7370428 3369
2243 7373797 2875
2244 7376672 3403
2245 7380075 468
2246 7380543 2159
2247 7382702 3903
2248 7386605 3598
2249 7390203 2902
2250 7393105 3558
2251 7396663 2686
2252 7399349 6527
2253 7405876 9355
2254 7415231 8371
2255 7423602 10449
2256 7434051 9645
2257 7443696 10203
2258 7453899 7902
2259 7461801 5429
2260 7467230 6192
2261 7473422 7443
2262 7480865 3520
2263 7484385 3965
2264 7488350 2370
2265 7490720 1558
2266 7492278 1644
2267 7493922 3132
2268 7497054 3499
2269 7500553 7549
2270 7508102 6318
2271 7514420 5890
2272 7520310 3545
2273 7523855 4577
2274 7528432 3467
2275 7531899 11538
2276 7543437 5105
2277 7548542 6612
2278 7555154 4773
2279 7559927 1067
2280 7560994 4122
2281 7565116 3637
2282 7568753 3421
2283 7572174 4290
2284 7576464 4891
2285 7581355 4544
2286 7585899 7968
2287 7593867 2236
2288 7596103 5502
2289 7601605 4365
2290 7605970 6478
2291 7612448 4750
2292 7617198 2139
2293 7619337 2130
2294 7621467 1486
2295 7622953 3303
2296 7626256 4572
2297 7630828 4125
2298 7634953 6200
2299 7641153 8525
2300 7649678 1848
2301 7651526 5733
2302 7657259 7228
2303 7664487 1281
2304 7665768 3398
2305 7669166 4081
2306 7673247 1634
2307 7674881 7189
2308 7682070 2746
2309 7684816 10070
2310 7694886 4275
2311 7699161 5763
2312 7704924 810
2313 7705734 3731
2314 7709465 1970
2315 7711435 7361
2316 7718796 1296
2317 7720092 1072
2318 7721164 9018
2319 7730182 11169
2320 7741351 9204
2321 7750555 15908
2322 7766463 8707
2323 7775170 8400
2324 7783570 7345
2325 7790915 11180
2326 7802095 19419
2327 7821514 13503
2328 7835017 5458
2329 7840475 493
2330 7840968 835
2331 7841803 3192
2332 7844995 7325
2333 7852320 540
2334 7852860 1532
2335 7854392 3458
2336 7857850 2099
2337 7859949 9128
2338 7869077 7990
2339 7877067 8558
2340 7885625 4678
2341 7890303 2680
2342 7892983 4076
2343 7897059 5065
2344 7902124 7123
2345 7909247 3400
2346 7912647 2829
2347 7915476 682
2348 7916158 1051
2349 7917209 1633
2350 7918842 6629
2351 7925471 1345
2352 7926816 11382
2353 7938198 6313
2354 7944511 4415
2355 7948926 25650
2356 7974576 3739
2357 7978315 5129
2358 7983444 8349
2359 7991793 9734
2360 8001527 4616
2361 8006143 6342
2362 8012485 9567
2363 8022052 12710
2364 8034762 4655
2365 8039417 10910
2366 8050327 6243
2367 8056570 5098
2368 8061668 1749
2369 8063417 3807
2370 8067224 4760
2371 8071984 3703
2372 8075687 10670
2373 8086357 9845
2374 8096202 6769
2375 8102971 6035
2376 8109006 6543
2377 8115549 5771
2378 8121320 4066
2379 8125386 3894
2380 8129280 3473
2381 8132753 3837
2382 8136590 3325
2383 8139915 12189
2384 8152104 12810
2385 8164914 4222
2386 8169136 2854
2387 8171990 5559
2388 8177549 15834
2389 8193383 4268
2390 8197651 720
2391 8198371 1202
2392 8199573 4383
2393 8203956 4361
2394 8208317 2085
2395 8210402 12949
2396 8223351 6695
2397 8230046 8780
2398 8238826 7697
2399 8246523 10656
2400 8257179 219
2401 8257398 6959
2402 8264357 8927
2403 8273284 2337
2404 8275621 8118
2405 8283739 8254
2406 8291993 3890
2407 8295883 5725
2408 8301608 10216
2409 8311824 2544
2410 8314368 13588
2411 8327956 4662
2412 8332618 526
2413 8333144 1533
2414 8334677 3077
2415 8337754 1949
2416 8339703 1560
2417 8341263 2556
2418 8343819 2004
2419 8345823 3736
2420 8349559 941
2421 8350500 1209
2422 8351709 1919
2423 8353628 1438
2424 8355066 3798
2425 8358864 5688
2426 8364552 2231
2427 8366783 2892
2428 8369675 1500
2429 8371175 5743
2430 8376918 2654
2431 8379572 1284
2432 8380856 1265
2433 8382121 1336
2434 8383457 7850
2435 8391307 1713
2436 8393020 2817
2437 8395837 1238
2438 8397075 1434
2439 8398509 5100
2440 8403609 3033
2441 8406642 1297
2442 8407939 2775
2443 8410714 1441
2444 8412155 931
2445 8413086 2753
2446 8415839 1496
2447 8417335 908
2448 8418243 2945
2449 8421188 1227
2450 8422415 8703
2451 8431118 2607
2452 8433725 1625
2453 8435350 2221
2454 8437571 1986
2455 8439557 6219
2456 8445776 2072
2457 8447848 1568
2458 8449416 3133
2459 8452549 4035
2460 8456584 2677
2461 8459261 2879
2462 8462140 1038
2463 8463178 1420
2464 8464598 5477
2465 8470075 1648
2466 8471723 3588
2467 8475311 2056
2468 8477367 5758
2469 8483125 6722
2470 8489847 1196
2471 8491043 1481
2472 8492524 360
2473 8492884 2185
2474 8495069 1737
2475 8496806 2921
2476 8499727 1218
2477 8500945 1956
2478 8502901 911
2479 8503812 1858
2480 8505670 2962
2481 8508632 6847
2482 8515479 2655
2483 8518134 1562
2484 8519696 1765
2485 8521461 1694
2486 8523155 961
2487 8524116 8876
2488 8532992 5551
2489 8538543 5611
2490 8544154 5434
2491 8549588 6649
2492 8556237 2067
2493 8558304 19327
2494 8577631 7636
2495 8585267 1814
2496 8587081 1232
2497 8588313 2989
2498 8591302 1848
2499 8593150 2686
2500 8595836 4167
2501 8600003 1413
2502 8601416 589
2503 8602005 6520
2504 8608525 2403
2505 8610928 1824
2506 8612752 3337
2507 8616089 1883
2508 8617972 13558
2509 8631530 539
2510 8632069 1556
2511 8633625 3031
2512 8636656 2368
2513 8639024 2840
2514 8641864 18285
2515 8660149 3136
2516 8663285 5158
2517 8668443 5544
2518 8673987 4672
2519 8678659 5506
2520 8684165 1865
2521 8686030 3826
2522 8689856 6031
2523 8695887 2468
2524 8698355 4412
2525 8702767 971
2526 8703738 792
2527 8704530 4148
2528 8708678 2644
2529 8711322 2953
2530 8714275 1240
2531 8715515 1931
2532 8717446 2307
2533 8719753 2691
2534 8722444 2275
2535 8724719 1285
2536 8726004 4661
2537 8730665 4538
2538 8735203 3538
2539 8738741 3100
2540 8741841 4086
2541 8745927 4412
2542 8750339 2764
2543 8753103 3810
2544 8756913 2307
2545 8759220 1740
2546 8760960 2239
2547 8763199 20413
2548 8783612 3251
2549 8786863 4074
2550 8790937 1917
2551 8792854 8662
2552 8801516 2648
2553 8804164 5266
2554 8809430 5318
2555 8814748 3660
2556 8818408 4133
2557 8822541 5895
2558 8828436 3023
2559 8831459 5436
2560 8836895 1737
2561 8838632 2617
2562 8841249 5015
2563 8846264 4771
2564 8851035 3305
2565 8854340 5392
2566 8859732 5473
2567 8865205 4272
2568 8869477 2528
2569 8872005 4403
2570 8876408 7362
2571 8883770 191
2572 8883961 4714
2573 8888675 176
2574 8888851 906
2575 8889757 795
2576 8890552 2230
2577 8892782 1769
2578 8894551 941
2579 8895492 1831
2580 8897323 12071
2581 8909394 4414
2582 8913808 1873
2583 8915681 6848
2584 8922529 9930
2585 8932459 1116
2586 8933575 9870
2587 8943445 3360
2588 8946805 1400
2589 8948205 3502
2590 8951707 5340
2591 8957047 4658
2592 8961705 5515
2593 8967220 3442
2594 8970662 1727
2595 8972389 787
2596 8973176 2570
2597 8975746 3916
2598 8979662 3509
2599 8983171 5145
2600 8988316 5236
2601 8993552 1304
2602 8994856 9301
2603 9004157 3276
2604 9007433 596
2605 9008029 1532
2606 9009561 3297
2607 9012858 1869
2608 9014727 3252
2609 9017979 5056
2610 9023035 2062
2611 9025097 5783
2612 9030880 2300
2613 9033180 4201
2614 9037381 4893
2615 9042274 1037
2616 9043311 1093
2617 9044404 6644
2618 9051048 2163
2619 9053211 1938
2620 9055149 6644
2621 9061793 6182
2622 9067975 3617
2623 9071592 634
2624 9072226 1847
2625 9074073 3081
2626 9077154 1227
2627 9078381 2303
2628 9080684 1118
2629 9081802 3480
2630 9085282 4094
2631 9089376 4332
2632 9093708 6260
2633 9099968 3751
2634 9103719 726
2635 9104445 4274
2636 9108719 4078
2637 9112797 547
2638 9113344 1009
2639 9114353 1592
2640 9115945 3658
2641 9119603 3589
2642 9123192 4793
2643 9127985 2697
2644 9130682 2080
2645 9132762 3132
2646 9135894 810
2647 9136704 7122
2648 9143826 961
2649 9144787 3148
2650 9147935 2391
2651 9150326 2690
2652 9153016 3426
2653 9156442 2553
2654 9158995 4019
2655 9163014 2044
2656 9165058 1861
2657 9166919 4422
2658 9171341 1430
2659 9172771 4397
2660 9177168 3880
2661 9181048 5663
2662 9186711 6647
2663 9193358 4505
2664 9197863 1795
2665 9199658 1280
2666 9200938 2833
2667 9203771 6416
2668 9210187 2538
2669 9212725 3445
2670 9216170 2710
2671 9218880 2259
2672 9221139 10442
2673 9231581 779
2674 9232360 9057
2675 9241417 6771
2676 9248188 2210
2677 9250398 2522
2678 9252920 2398
2679 9255318 2372
2680 9257690 1355
2681 9259045 1142
2682 9260187 2947
2683 9263134 10113
2684 9273247 1284
2685 9274531 3961
2686 9278492 1120
2687 9279612 462
2688 9280074 10748
2689 9290822 1839
2690 9292661 3354
2691 9296015 3329
2692 9299344 3556
2693 9302900 9661
2694 9312561 2191
2695 9314752 1116
2696 9315868 783
2697 9316651 1061
2698 9317712 1836
2699 9319548 8502
2700 9328050 3444
2701 9331494 6319
2702 9337813 4792
2703 9342605 5589
2704 9348194 1712
2705 9349906 5351
2706 9355257 1696
2707 9356953 1733
2708 9358686 6823
2709 9365509 2762
2710 9368271 1502
2711 9369773 2069
2712 9371842 2586
2713 9374428 2580
2714 9377008 3751
2715 9380759 3758
2716 9384517 2426
2717 9386943 2051
2718 9388994 2519
2719 9391513 3441
2720 9394954 2469
2721 9397423 2521
2722 9399944 20143
2723 9420087 8413
2724 9428500 4386
2725 9432886 4491
2726 9437377 4160
2727 9441537 1558
2728 9443095 4502
2729 9447597 1388
2730 9448985 1206
2731 9450191 1504
2732 9451695 7455
2733 9459150 2196
2734 9461346 18042
2735 9479388 8893
2736 9488281 5692
2737 9493973 4041
2738 9498014 3563
2739 9501577 2062
2740 9503639 16397
2741 9520036 4476
2742 9524512 1166
2743 9525678 1938
2744 9527616 1367
2745 9528983 8207
2746 9537190 5188
2747 9542378 6861
2748 9549239 1852
2749 9551091 8128
2750 9559219 7529
2751 9566748 8468
2752 9575216 4957
2753 9580173 6688
2754 9586861 15107
2755 9601968 7574
2756 9609542 5098
2757 9614640 1395
2758 9616035 1600
2759 9617635 2178
2760 9619813 1372
2761 9621185 835
2762 9622020 6351
2763 9628371 2144
2764 9630515 8247
2765 9638762 4234
2766 9642996 1885
2767 9644881 5254
2768 9650135 5487
2769 9655622 9133
2770 9664755 4709
2771 9669464 9562
2772 9679026 3789
2773 9682815 1099
2774 9683914 1455
2775 9685369 1375
2776 9686744 9070
2777 9695814 312
2778 9696126 1739
2779 9697865 785
2780 9698650 1456
2781 9700106 12484
2782 9712590 8050
2783 9720640 4095
2784 9724735 5018
2785 9729753 4423
2786 9734176 8898
2787 9743074 2243
2788 9745317 5381
2789 9750698 2943
2790 9753641 3121
2791 9756762 1690
2792 9758452 8088
2793 9766540 3706
2794 9770246 14200
2795 9784446 3304
2796 9787750 3894
2797 9791644 4329
2798 9795973 11609
2799 9807582 955
2800 9808537 7949
2801 9816486 6217
2802 9822703 800
2803 9823503 5647
2804 9829150 15797
2805 9844947 935
2806 9845882 6032
2807 9851914 705
2808 9852619 5239
2809 9857858 7796
2810 9865654 1454
2811 9867108 4368
2812 9871476 720
2813 9872196 8863
2814 9881059 1375
2815 9882434 1968
2816 9884402 3137
2817 9887539 2437
2818 9889976 7724
2819 9897700 2651
2820 9900351 2016
2821 9902367 6168
2822 9908535 4225
2823 9912760 4353
2824 9917113 3716
2825 9920829 6828
2826 9927657 3594
2827 9931251 3286
2828 9934537 4606
2829 9939143 5246
2830 9944389 4439
2831 9948828 3407
2832 9952235 4113
2833 9956348 1147
2834 9957495 7910
2835 9965405 4563
2836 9969968 4374
2837 9974342 4368
2838 9978710 4081
2839 9982791 5542
2840 9988333 7754
2841 9996087 2342
2842 9998429 2131
2843 10000560 2940
2844 10003500 2938
2845 10006438 4598
2846 10011036 5405
2847 10016441 3156
2848 10019597 4082
2849 10023679 5406
2850 10029085 4673
2851 10033758 5092
2852 10038850 2488
2853 10041338 2726
2854 10044064 2964
2855 10047028 8211
2856 10055239 1236
2857 10056475 778
2858 10057253 201
2859 10057454 4140
2860 10061594 3326
2861 10064920 1548
2862 10066468 9894
2863 10076362 3031
2864 10079393 8700
2865 10088093 3963
2866 10092056 5212
2867 10097268 4903
2868 10102171 8543
2869 10110714 4773
2870 10115487 3913
2871 10119400 529
2872 10119929 4676
2873 10124605 4362
2874 10128967 3795
2875 10132762 5805
2876 10138567 7196
2877 10145763 6428
2878 10152191 2565
2879 10154756 3343
2880 10158099 969
2881 10159068 22818
2882 10181886 18493
2883 10200379 2582
2884 10202961 8415
2885 10211376 1650
2886 10213026 2393
2887 10215419 7092
2888 10222511 3323
2889 10225834 10938
2890 10236772 2876
2891 10239648 3499
2892 10243147 3218
2893 10246365 4812
2894 10251177 7226
2895 10258403 6877
2896 10265280 6162
2897 10271442 1068
2898 10272510 2785
2899 10275295 3438
2900 10278733 1055
2901 10279788 2444
2902 10282232 1558
2903 10283790 6272
2904 10290062 13533
2905 10303595 2100
2906 10305695 12863
2907 10318558 6427
2908 10324985 2876
2909 10327861 5018
2910 10332879 1958
2911 10334837 9006
2912 10343843 6540
2913 10350383 2476
2914 10352859 6357
2915 10359216 214
2916 10359430 176
2917 10359606 204
2918 10359810 176
2919 10359986 621
2920 10360607 654
2921 10361261 628
2922 10361889 673
2923 10362562 655
2924 10363217 631
2925 10363848 189
2926 10364037 579
2927 10364616 549
2928 10365165 687
2929 10365852 230
2930 10366082 176
2931 10366258 656
2932 10366914 170
2933 10367084 667
2934 10367751 638
2935 10368389 633
2936 10369022 636
2937 10369658 636
2938 10370294 636
2939 10370930 633
2940 10371563 627
2941 10372190 638
2942 10372828 638
2943 10373466 191
2944 10373657 654
2945 10374311 637
2946 10374948 550
2947 10375498 179
2948 10375677 628
2949 10376305 219
2950 10376524 683
2951 10377207 220
2952 10377427 626
2953 10378053 366
2954 10378419 191
2955 10378610 671
2956 10379281 648
2957 10379929 431
2958 10380360 637
2959 10380997 681
2960 10381678 633
2961 10382311 665
2962 10382976 651
2963 10383627 640
2964 10384267 660
2965 10384927 653
2966 10385580 663
2967 10386243 657
2968 10386900 216
2969 10387116 634
2970 10387750 634
2971 10388384 621
2972 10389005 655
2973 10389660 628
2974 10390288 676
2975 10390964 632
2976 10391596 629
2977 10392225 220
2978 10392445 333
2979 10392778 550
2980 10393328 210
2981 10393538 654
2982 10394192 639
2983 10394831 550
2984 10395381 225
2985 10395606 625
2986 10396231 178
2987 10396409 672
2988 10397081 550
2989 10397631 178
2990 10397809 196
2991 10398005 189
2992 10398194 216
2993 10398410 630
2994 10399040 658
2995 10399698 628
2996 10400326 670
2997 10400996 666
2998 10401662 634
2999 10402296 221
3000 10402517 335
3001 10402852 550
3002 10403402 207
3003 10403609 291
3004 10403900 308
3005 10404208 190
3006 10404398 654
3007 10405052 637
3008 10405689 216
3009 10405905 286
3010 10406191 308
3011 10406499 663
3012 10407162 178
3013 10407340 267
3014 10407607 550
3015 10408157 198
3016 10408355 628
3017 10408983 241
3018 10409224 656
3019 10409880 678
3020 10410558 629
3021 10411187 634
3022 10411821 629
3023 10412450 633
3024 10413083 187
3025 10413270 333
3026 10413603 651
3027 10414254 218
3028 10414472 200
3029 10414672 655
3030 10415327 635
3031 10415962 651
3032 10416613 210
3033 10416823 653
3034 10417476 192
3035 10417668 628
3036 10418296 196
3037 10418492 628
3038 10419120 651
3039 10419771 643
3040 10420414 678
3041 10421092 657
3042 10421749 666
3043 10422415 643
3044 10423058 672
3045 10423730 660
3046 10424390 657
3047 10425047 660
3048 10425707 652
3049 10426359 620
3050 10426979 204
3051 10427183 628
3052 10427811 618
3053 10428429 622
3054 10429051 624
3055 10429675 632
3056 10430307 641
3057 10430948 633
3058 10431581 656
3059 10432237 191
3060 10432428 577
3061 10433005 650
3062 10433655 198
3063 10433853 639
3064 10434492 622
3065 10435114 634
3066 10435748 652
3067 10436400 632
3068 10437032 634
3069 10437666 632
3070 10438298 220
3071 10438518 630
3072 10439148 664
3073 10439812 176
3074 10439988 642
3075 10440630 652
3076 10441282 665
3077 10441947 665
3078 10442612 177
3079 10442789 622
3080 10443411 215
3081 10443626 189
3082 10443815 195
3083 10444010 189
3084 10444199 614
3085 10444813 626
3086 10445439 632
3087 10446071 642
3088 10446713 635
3089 10447348 637
3090 10447985 190
3091 10448175 577
3092 10448752 652
3093 10449404 177
3094 10449581 626
3095 10450207 192
3096 10450399 636
3097 10451035 623
3098 10451658 652
3099 10452310 220
3100 10452530 627
3101 10453157 188
3102 10453345 640
3103 10453985 652
3104 10454637 215
3105 10454852 189
3106 10455041 170
3107 10455211 189
3108 10455400 615
3109 10456015 626
3110 10456641 633
3111 10457274 644
3112 10457918 636
3113 10458554 631
3114 10459185 190
3115 10459375 579
3116 10459954 649
3117 10460603 213
3118 10460816 638
3119 10461454 621
3120 10462075 652
3121 10462727 282
3122 10463009 628
3123 10463637 177
3124 10463814 641
3125 10464455 217
3126 10464672 705
3127 10465377 170
3128 10465547 642
3129 10466189 651
3130 10466840 192
3131 10467032 210
3132 10467242 192
3133 10467434 204
3134 10467638 192
3135 10467830 186
3136 10468016 192
3137 10468208 189
3138 10468397 204
3139 10468601 198
3140 10468799 604
3141 10469403 189
3142 10469592 576
3143 10470168 219
3144 10470387 633
3145 10471020 634
3146 10471654 619
3147 10472273 626
3148 10472899 634
3149 10473533 641
3150 10474174 634
3151 10474808 630
3152 10475438 187
3153 10475625 636
3154 10476261 623
3155 10476884 651
3156 10477535 651
3157 10478186 219
3158 10478405 625
3159 10479030 628
3160 10479658 197
3161 10479855 191
3162 10480046 171
3163 10480217 644
3164 10480861 651
3165 10481512 198
3166 10481710 170
3167 10481880 189
3168 10482069 214
3169 10482283 616
3170 10482899 629
3171 10483528 632
3172 10484160 644
3173 10484804 633
3174 10485437 629
3175 10486066 183
3176 10486249 576
3177 10486825 651
3178 10487476 203
3179 10487679 634
3180 10488313 619
3181 10488932 651
3182 10489583 229
3183 10489812 624
3184 10490436 210
3185 10490646 642
3186 10491288 177
3187 10491465 644
3188 10492109 651
3189 10492760 175
3190 10492935 624
3191 10493559 196
3192 10493755 182
3193 10493937 164
3194 10494101 214
3195 10494315 616
3196 10494931 629
3197 10495560 633
3198 10496193 645
3199 10496838 635
3200 10497473 631
3201 10498104 651
3202 10498755 189
3203 10498944 576
3204 10499520 689
3205 10500209 229
3206 10500438 209
3207 10500647 636
3208 10501283 623
3209 10501906 200
3210 10502106 191
3211 10502297 651
3212 10502948 187
3213 10503135 680
3214 10503815 217
3215 10504032 672
3216 10504704 237
3217 10504941 625
3218 10505566 191
3219 10505757 211
3220 10505968 644
3221 10506612 648
3222 10507260 671
3223 10507931 647
3224 10508578 665
3225 10509243 660
3226 10509903 662
3227 10510565 650
3228 10511215 665
3229 10511880 660
3230 10512540 663
3231 10513203 662
3232 10513865 626
3233 10514491 216
3234 10514707 633
3235 10515340 631
3236 10515971 619
3237 10516590 629
3238 10517219 628
3239 10517847 645
3240 10518492 634
3241 10519126 663
3242 10519789 177
3243 10519966 576
3244 10520542 194
3245 10520736 622
3246 10521358 648
3247 10522006 192
3248 10522198 645
3249 10522843 197
3250 10523040 637
3251 10523677 622
3252 10524299 659
3253 10524958 651
3254 10525609 219
3255 10525828 621
3256 10526449 177
3257 10526626 644
3258 10527270 651
3259 10527921 238
3260 10528159 164
3261 10528323 228
3262 10528551 164
3263 10528715 614
3264 10529329 628
3265 10529957 633
3266 10530590 648
3267 10531238 637
3268 10531875 637
3269 10532512 189
3270 10532701 578
3271 10533279 651
3272 10533930 195
3273 10534125 203
3274 10534328 636
3275 10534964 621
3276 10535585 651
3277 10536236 256
3278 10536492 179
3279 10536671 182
3280 10536853 207
3281 10537060 621
3282 10537681 177
3283 10537858 643
3284 10538501 651
3285 10539152 224
3286 10539376 231
3287 10539607 612
3288 10540219 183
3289 10540402 577
3290 10540979 164
3291 10541143 191
3292 10541334 171
3293 10541505 201
3294 10541706 637
3295 10542343 636
3296 10542979 637
3297 10543616 214
3298 10543830 616
3299 10544446 630
3300 10545076 634
3301 10545710 644
3302 10546354 634
3303 10546988 663
3304 10547651 653
3305 10548304 191
3306 10548495 635
3307 10549130 621
3308 10549751 653
3309 10550404 248
3310 10550652 688
3311 10551340 610
3312 10551950 200
3313 10552150 636
3314 10552786 241
3315 10553027 675
3316 10553702 219
3317 10553921 628
3318 10554549 177
3319 10554726 645
3320 10555371 186
3321 10555557 653
3322 10556210 188
3323 10556398 660
3324 10557058 659
3325 10557717 690
3326 10558407 669
3327 10559076 646
3328 10559722 648
3329 10560370 647
3330 10561017 661
3331 10561678 659
3332 10562337 690
3333 10563027 613
3334 10563640 216
3335 10563856 630
3336 10564486 633
3337 10565119 615
3338 10565734 629
3339 10566363 634
3340 10566997 645
3341 10567642 631
3342 10568273 686
3343 10568959 190
3344 10569149 578
3345 10569727 653
3346 10570380 191
3347 10570571 637
3348 10571208 620
3349 10571828 652
3350 10572480 240
3351 10572720 239
3352 10572959 632
3353 10573591 196
3354 10573787 641
3355 10574428 653
3356 10575081 651
3357 10575732 213
3358 10575945 216
3359 10576161 228
3360 10576389 222
3361 10576611 216
3362 10576827 615
3363 10577442 629
3364 10578071 628
3365 10578699 641
3366 10579340 637
3367 10579977 650
3368 10580627 196
3369 10580823 577
3370 10581400 653
3371 10582053 645
3372 10582698 206
3373 10582904 636
3374 10583540 619
3375 10584159 653
3376 10584812 206
3377 10585018 189
3378 10585207 267
3379 10585474 640
3380 10586114 211
3381 10586325 656
3382 10586981 653
3383 10587634 202
3384 10587836 578
3385 10588414 229
3386 10588643 659
3387 10589302 653
3388 10589955 185
3389 10590140 641
3390 10590781 618
3391 10591399 653
3392 10592052 199
3393 10592251 637
3394 10592888 236
3395 10593124 618
3396 10593742 190
3397 10593932 624
3398 10594556 653
3399 10595209 194
3400 10595403 200
3401 10595603 188
3402 10595791 233
3403 10596024 634
3404 10596658 694
3405 10597352 636
3406 10597988 654
3407 10598642 668
3408 10599310 648
3409 10599958 638
3410 10600596 656
3411 10601252 660
3412 10601912 645
3413 10602557 658
3414 10603215 655
3415 10603870 3748
3416 10607618 1648
3417 10609266 2692
3418 10611958 2678
3419 10614636 519
3420 10615155 4136
3421 10619291 6049
3422 10625340 1739
3423 10627079 3556
3424 10630635 2450
3425 10633085 5999
3426 10639084 5743
3427 10644827 7724
3428 10652551 4914
3429 10657465 911
3430 10658376 1273
3431 10659649 2033
3432 10661682 4050
3433 10665732 3490
3434 10669222 600
3435 10669822 4035
3436 10673857 2891
3437 10676748 2842
3438 10679590 3481
3439 10683071 5585
3440 10688656 4629
3441 10693285 5060
3442 10698345 2705
3443 10701050 9093
3444 10710143 9330
3445 10719473 5525
3446 10724998 2027
3447 10727025 7325
3448 10734350 1996
3449 10736346 3474
3450 10739820 3722
3451 10743542 2571
3452 10746113 8317
3453 10754430 1310
3454 10755740 1882
3455 10757622 3078
3456 10760700 4502
3457 10765202 2020
3458 10767222 1206
3459 10768428 1221
3460 10769649 5255
3461 10774904 2783
3462 10777687 4012
3463 10781699 1141
3464 10782840 2022
3465 10784862 2147
3466 10787009 1340
3467 10788349 2892
3468 10791241 1588
3469 10792829 7325
3470 10800154 5302
3471 10805456 747
3472 10806203 541
3473 10806744 870
3474 10807614 680
3475 10808294 542
3476 10808836 576
3477 10809412 1347
3478 10810759 3516
3479 10814275 3727
3480 10818002 519
3481 10818521 2082
3482 10820603 1337
3483 10821940 3356
3484 10825296 6221
3485 10831517 3251
3486 10834768 5306
3487 10840074 3012
3488 10843086 3779
3489 10846865 3256
3490 10850121 3045
3491 10853166 2115
3492 10855281 1949
3493 10857230 3204
3494 10860434 3787
3495 10864221 221
3496 10864442 1939
3497 10866381 2182
3498 10868563 3795
3499 10872358 3788
3500 10876146 3620
3501 10879766 11055
3502 10890821 10007
3503 10900828 2057
3504 10902885 3820
3505 10906705 3430
3506 10910135 4204
3507 10914339 1523
3508 10915862 1462
3509 10917324 2355
3510 10919679 1954
3511 10921633 3094
3512 10924727 2759
3513 10927486 1920
3514 10929406 2387
3515 10931793 2692
3516 10934485 740
3517 10935225 5926
3518 10941151 3309
3519 10944460 8905
3520 10953365 3998
3521 10957363 2015
3522 10959378 3397
3523 10962775 7532
3524 10970307 2621
3525 10972928 2715
3526 10975643 9574
3527 10985217 19133
3528 11004350 3103
3529 11007453 2746
3530 11010199 5341
3531 11015540 2250
3532 11017790 4250
3533 11022040 6583
3534 11028623 965
3535 11029588 4874
3536 11034462 8291
3537 11042753 5331
3538 11048084 6624
3539 11054708 929
3540 11055637 3773
3541 11059410 2941
3542 11062351 3580
3543 11065931 2544
3544 11068475 3659
3545 11072134 4673
3546 11076807 9558
3547 11086365 9566
3548 11095931 11486
3549 11107417 2157
3550 11109574 4784
3551 11114358 2869
3552 11117227 1650
3553 11118877 5766
3554 11124643 2033
3555 11126676 1927
3556 11128603 8336
3557 11136939 8750
3558 11145689 2756
3559 11148445 4468
3560 11152913 3136
3561 11156049 1957
3562 11158006 10593
3563 11168599 6267
3564 11174866 4935
3565 11179801 5283
3566 11185084 1334
3567 11186418 1862
3568 11188280 3589
3569 11191869 209
3570 11192078 3691
3571 11195769 2540
3572 11198309 7642
3573 11205951 6963
3574 11212914 6442
3575 11219356 8743
3576 11228099 3149
3577 11231248 2814
3578 11234062 1854
3579 11235916 7023
3580 11242939 3423
3581 11246362 2654
3582 11249016 1182
3583 11250198 11570
3584 11261768 10796
3585 11272564 9807
3586 11282371 6878
3587 11289249 8852
3588 11298101 2300
3589 11300401 531
3590 11300932 2770
3591 11303702 634
3592 11304336 6354
3593 11310690 4277
3594 11314967 2313
3595 11317280 9124
3596 11326404 6486
3597 11332890 1569
3598 11334459 7379
3599 11341838 2738
3600 11344576 7652
3601 11352228 4464
3602 11356692 2928
3603 11359620 6281
3604 11365901 9219
3605 11375120 2970
3606 11378090 4368
3607 11382458 3876
3608 11386334 1725
3609 11388059 6493
3610 11394552 5441
3611 11399993 5207
3612 11405200 7990
3613 11413190 1851
3614 11415041 2827
3615 11417868 1580
3616 11419448 3047
3617 11422495 1106
3618 11423601 588
3619 11424189 1394
3620 11425583 1640
3621 11427223 1583
3622 11428806 8823
3623 11437629 7744
3624 11445373 4108
3625 11449481 2935
3626 11452416 626
3627 11453042 7704
3628 11460746 4034
3629 11464780 12419
3630 11477199 4909
3631 11482108 2538
3632 11484646 3914
3633 11488560 16248
3634 11504808 6249
3635 11511057 2635
3636 11513692 320
3637 11514012 2341
3638 11516353 3849
3639 11520202 2803
3640 11523005 13488
3641 11536493 7869
3642 11544362 1924
3643 11546286 2795
3644 11549081 1946
3645 11551027 1864
3646 11552891 3454
3647 11556345 2225
3648 11558570 3042
3649 11561612 2006
3650 11563618 1844
3651 11565462 2206
3652 11567668 2920
3653 11570588 2841
3654 11573429 1945
3655 11575374 2224
3656 11577598 2205
3657 11579803 1843
3658 11581646 2005
3659 11583651 2591
3660 11586242 3316
3661 11589558 2183
3662 11591741 1926
3663 11593667 1789
3664 11595456 2101
3665 11597557 4470
3666 11602027 3895
3667 11605922 3775
3668 11609697 2988
3669 11612685 2467
3670 11615152 2582
3671 11617734 2347
3672 11620081 2388
3673 11622469 4470
3674 11626939 335
3675 11627274 5838
3676 11633112 3895
3677 11637007 3775
3678 11640782 9887
3679 11650669 2800
3680 11653469 965
3681 11654434 4439
3682 11658873 7139
3683 11666012 320
3684 11666332 3181
3685 11669513 2663
3686 11672176 2394
3687 11674570 2613
3688 11677183 3558
3689 11680741 4343
3690 11685084 2597
3691 11687681 4971
3692 11692652 2733
3693 11695385 8217
3694 11703602 2750
3695 11706352 6251
3696 11712603 2450
3697 11715053 1234
3698 11716287 17715
3699 11734002 9794
3700 11743796 2953
3701 11746749 3239
3702 11749988 5862
3703 11755850 3462
3704 11759312 1940
3705 11761252 3060
3706 11764312 4475
3707 11768787 4327
3708 11773114 3694
3709 11776808 2985
3710 11779793 24385
3711 11804178 11226
3712 11815404 16204
3713 11831608 30519
3714 11862127 3775
3715 11865902 3672
3716 11869574 2011
3717 11871585 3219
3718 11874804 2865
3719 11877669 7532
3720 11885201 432
3721 11885633 538
3722 11886171 11166
3723 11897337 4476
3724 11901813 3691
3725 11905504 8971
3726 11914475 3408
3727 11917883 2053
3728 11919936 2002
3729 11921938 7112
3730 11929050 6422
3731 11935472 3687
3732 11939159 2247
3733 11941406 14864
3734 11956270 6401
3735 11962671 1331
3736 11964002 1979
3737 11965981 2939
3738 11968920 2587
3739 11971507 2135
3740 11973642 1592
3741 11975234 753
3742 11975987 1391
3743 11977378 743
3744 11978121 393
3745 11978514 3984
3746 11982498 3920
3747 11986418 3051
3748 11989469 4154
3749 11993623 7549
3750 12001172 5409
3751 12006581 1372
3752 12007953 5298
3753 12013251 1174
3754 12014425 936
3755 12015361 1865
3756 12017226 2430
3757 12019656 5475
3758 12025131 2513
3759 12027644 8055
3760 12035699 2457
3761 12038156 922
3762 12039078 851
3763 12039929 1639
3764 12041568 2243
3765 12043811 7265
3766 12051076 1639
3767 12052715 4752
3768 12057467 2462
3769 12059929 3636
3770 12063565 2681
3771 12066246 6921
3772 12073167 2308
3773 12075475 3011
3774 12078486 4583
3775 12083069 2529
3776 12085598 2883
3777 12088481 1914
3778 12090395 1280
3779 12091675 4726
3780 12096401 1641
3781 12098042 1020
3782 12099062 1604
3783 12100666 1807
3784 12102473 4602
3785 12107075 1679
3786 12108754 2694
3787 12111448 9297
3788 12120745 1885
3789 12122630 2636
3790 12125266 9042
3791 12134308 3543
3792 12137851 6131
3793 12143982 3374
3794 12147356 2959
3795 12150315 7845
3796 12158160 1741
3797 12159901 2208
3798 12162109 1653
3799 12163762 969
3800 12164731 2393
3801 12167124 1688
3802 12168812 1788
3803 12170600 15093
3804 12185693 7350
3805 12193043 3139
3806 12196182 1686
3807 12197868 1417
3808 12199285 7660
3809 12206945 1996
3810 12208941 2121
3811 12211062 1790
3812 12212852 1686
3813 12214538 2084
3814 12216622 1166
3815 12217788 5027
3816 12222815 9642
3817 12232457 1651
3818 12234108 750
3819 12234858 735
3820 12235593 2917
3821 12238510 1871
3822 12240381 2309
3823 12242690 3179
3824 12245869 2889
3825 12248758 2941
3826 12251699 3013
3827 12254712 2452
3828 12257164 2475
3829 12259639 2544
3830 12262183 861
3831 12263044 1598
3832 12264642 5836
3833 12270478 2592
3834 12273070 1282
3835 12274352 2046
3836 12276398 1569
3837 12277967 2893
3838 12280860 5808
3839 12286668 1209
3840 12287877 2828
3841 12290705 1858
3842 12292563 1251
3843 12293814 1135
3844 12294949 1792
3845 12296741 5978
3846 12302719 1803
3847 12304522 3454
3848 12307976 1607
3849 12309583 618
3850 12310201 2710
3851 12312911 913
3852 12313824 5769
3853 12319593 5221
3854 12324814 1627
3855 12326441 778
3856 12327219 807
3857 12328026 2491
3858 12330517 5806
3859 12336323 3733
3860 12340056 3713
3861 12343769 3671
3862 12347440 3766
3863 12351206 3820
3864 12355026 3848
3865 12358874 4052
3866 12362926 3869
3867 12366795 3794
3868 12370589 3818
3869 12374407 3836
3870 12378243 3755
3871 12381998 3794
3872 12385792 3812
3873 12389604 3810
3874 12393414 3857
3875 12397271 3694
3876 12400965 636
3877 12401601 5780
3878 12407381 692
3879 12408073 2811
3880 12410884 2866
3881 12413750 1099
3882 12414849 1284
3883 12416133 7533
3884 12423666 1489
3885 12425155 2287
3886 12427442 2094
3887 12429536 1457
3888 12430993 970
3889 12431963 1703
3890 12433666 2621
3891 12436287 1914
3892 12438201 16929
3893 12455130 1550
3894 12456680 4832
3895 12461512 2112
3896 12463624 2806
3897 12466430 6228
3898 12472658 543
3899 12473201 4027
3900 12477228 2025
3901 12479253 1219
3902 12480472 4613
3903 12485085 854
3904 12485939 2120
3905 12488059 1895
3906 12489954 4143
3907 12494097 4685
3908 12498782 9190
3909 12507972 4107
3910 12512079 2703
3911 12514782 845
3912 12515627 810
3913 12516437 919
3914 12517356 1061
3915 12518417 8518
3916 12526935 4230
3917 12531165 3229
3918 12534394 12723
3919 12547117 4539
3920 12551656 2376
3921 12554032 2423
3922 12556455 665
3923 12557120 1356
3924 12558476 9984
3925 12568460 21564
3926 12590024 873
3927 12590897 3513
3928 12594410 3834
3929 12598244 1420
3930 12599664 1065
3931 12600729 5701
3932 12606430 1210
3933 12607640 931
3934 12608571 10778
3935 12619349 1355
3936 12620704 17535
3937 12638239 9465
3938 12647704 2843
3939 12650547 3970
3940 12654517 1376
3941 12655893 4568
3942 12660461 5955
3943 12666416 1064
3944 12667480 916
3945 12668396 2296
3946 12670692 8170
3947 12678862 3247
3948 12682109 1854
3949 12683963 532
3950 12684495 1555
3951 12686050 2266
3952 12688316 3807
3953 12692123 5941
3954 12698064 1337
3955 12699401 3167
3956 12702568 1247
3957 12703815 1321
3958 12705136 1107
3959 12706243 5519
3960 12711762 943
3961 12712705 4368
3962 12717073 351
3963 12717424 8872
3964 12726296 3589
3965 12729885 1605
3966 12731490 1345
3967 12732835 6325
3968 12739160 4033
3969 12743193 1267
3970 12744460 2920
3971 12747380 2655
3972 12750035 1774
3973 12751809 4080
3974 12755889 12820
3975 12768709 1481
3976 12770190 3982
3977 12774172 3586
3978 12777758 1371
3979 12779129 1094
3980 12780223 3957
3981 12784180 6871
3982 12791051 12820
3983 12803871 1580
3984 12805451 1512
3985 12806963 1450
3986 12808413 2414
3987 12810827 2147
3988 12812974 1753
3989 12814727 1770
3990 12816497 1161
3991 12817658 1642
3992 12819300 810
3993 12820110 7016
3994 12827126 8057
3995 12835183 1483
3996 12836666 1089
3997 12837755 4665
3998 12842420 2428
3999 12844848 1171
4000 12846019 6431
4001 12852450 1766
4002 12854216 7476
4003 12861692 2159
4004 12863851 6393
4005 12870244 3977
4006 12874221 1397
4007 12875618 8329
4008 12883947 6826
4009 12890773 9443
4010 12900216 3614
4011 12903830 2221
4012 12906051 3395
4013 12909446 4701
4014 12914147 1673
4015 12915820 5570
4016 12921390 2552
4017 12923942 8501
4018 12932443 7311
4019 12939754 2416
4020 12942170 1466
4021 12943636 1645
4022 12945281 2676
4023 12947957 2578
4024 12950535 2253
4025 12952788 3065
4026 12955853 2072
4027 12957925 2988
4028 12960913 6863
4029 12967776 6348
4030 12974124 6835
4031 12980959 6702
4032 12987661 3943
4033 12991604 8040
4034 12999644 7689
4035 13007333 3121
4036 13010454 1802
4037 13012256 2984
4038 13015240 1606
4039 13016846 3027
4040 13019873 3439
4041 13023312 1861
4042 13025173 1530
4043 13026703 4755
4044 13031458 1742
4045 13033200 1525
4046 13034725 2465
4047 13037190 3619
4048 13040809 2067
4049 13042876 1463
4050 13044339 2807
4051 13047146 7761
4052 13054907 3328
4053 13058235 3605
4054 13061840 8862
4055 13070702 3731
4056 13074433 2810
4057 13077243 2195
4058 13079438 3550
4059 13082988 3489
4060 13086477 2077
4061 13088554 1587
4062 13090141 1798
4063 13091939 6335
4064 13098274 3192
4065 13101466 2237
4066 13103703 1860
4067 13105563 3416
4068 13108979 5502
4069 13114481 2003
4070 13116484 4123
4071 13120607 2714
4072 13123321 3736
4073 13127057 1755
4074 13128812 1537
4075 13130349 1534
4076 13131883 1622
4077 13133505 3616
4078 13137121 2724
4079 13139845 3958
4080 13143803 2373
4081 13146176 2392
4082 13148568 2573
4083 13151141 2374
4084 13153515 2482
4085 13155997 21960
4086 13177957 3203
4087 13181160 3592
4088 13184752 6295
4089 13191047 3087
4090 13194134 3297
4091 13197431 3408
4092 13200839 5190
4093 13206029 1608
4094 13207637 2589
4095 13210226 3411
4096 13213637 2450
4097 13216087 1082
4098 13217169 2359
4099 13219528 5071
4100 13224599 4205
4101 13228804 3012
4102 13231816 3767
4103 13235583 2637
4104 13238220 5405
4105 13243625 2526
4106 13246151 3766
4107 13249917 1100
4108 13251017 5295
4109 13256312 1449
4110 13257761 1219
4111 13258980 2044
4112 13261024 7401
4113 13268425 3322
4114 13271747 2536
4115 13274283 2138
4116 13276421 1005
4117 13277426 5404
4118 13282830 1967
4119 13284797 1500
4120 13286297 1852
4121 13288149 1171
4122 13289320 1178
4123 13290498 6858
4124 13297356 3751
4125 13301107 1023
4126 13302130 2468
4127 13304598 2225
4128 13306823 3225
4129 13310048 2582
4130 13312630 29680
4131 13342310 1097
4132 13343407 1745
4133 13345152 5098
4134 13350250 1253
4135 13351503 1649
4136 13353152 1730
4137 13354882 2414
4138 13357296 1677
4139 13358973 1583
4140 13360556 2624
4141 13363180 3228
4142 13366408 4631
4143 13371039 1784
4144 13372823 958
4145 13373781 1495
4146 13375276 2052
4147 13377328 1528
4148 13378856 1798
4149 13380654 1290
4150 13381944 1902
4151 13383846 1633
4152 13385479 859
4153 13386338 2717
4154 13389055 1870
4155 13390925 6101
4156 13397026 2737
4157 13399763 1401
4158 13401164 1206
4159 13402370 2687
4160 13405057 1456
4161 13406513 2313
4162 13408826 1468
4163 13410294 1340
4164 13411634 2190
4165 13413824 1523
4166 13415347 1713
4167 13417060 5253
4168 13422313 2598
4169 13424911 5568
4170 13430479 1676
4171 13432155 1316
4172 13433471 2984
4173 13436455 1603
4174 13438058 2783
4175 13440841 1296
4176 13442137 866
4177 13443003 1601
4178 13444604 3992
4179 13448596 3232
4180 13451828 2991
4181 13454819 3363
4182 13458182 2710
4183 13460892 1408
4184 13462300 1374
4185 13463674 890
4186 13464564 2167
4187 13466731 1631
4188 13468362 1096
4189 13469458 3316
4190 13472774 3187
4191 13475961 3798
4192 13479759 1766
4193 13481525 4884
4194 13486409 3853
4195 13490262 1771
4196 13492033 1783
4197 13493816 974
4198 13494790 1275
4199 13496065 990
4200 13497055 1172
4201 13498227 5053
4202 13503280 2277
4203 13505557 1853
4204 13507410 1135
4205 13508545 1298
4206 13509843 1240
4207 13511083 4169
4208 13515252 1506
4209 13516758 2684
4210 13519442 2139
4211 13521581 1102
4212 13522683 1837
4213 13524520 4982
4214 13529502 2334
4215 13531836 6364
4216 13538200 3586
4217 13541786 6829
4218 13548615 10110
4219 13558725 2178
4220 13560903 3669
4221 13564572 2330
4222 13566902 3702
4223 13570604 2948
4224 13573552 3734
4225 13577286 1628
4226 13578914 10100
4227 13589014 2147
4228 13591161 4957
4229 13596118 2423
4230 13598541 1520
4231 13600061 7918
4232 13607979 6741
4233 13614720 4448
4234 13619168 9563
4235 13628731 6378
4236 13635109 5727
4237 13640836 2873
4238 13643709 5674
4239 13649383 10390
4240 13659773 4303
4241 13664076 6099
4242 13670175 4629
4243 13674804 2282
4244 13677086 3425
4245 13680511 8858
4246 13689369 1811
4247 13691180 5717
4248 13696897 4035
4249 13700932 4037
4250 13704969 2616
4251 13707585 385
4252 13707970 1863
4253 13709833 7344
4254 13717177 4424
4255 13721601 2438
4256 13724039 1757
4257 13725796 3086
4258 13728882 3522
4259 13732404 2793
4260 13735197 5205
4261 13740402 1183
4262 13741585 1175
4263 13742760 3115
4264 13745875 7590
4265 13753465 7608
4266 13761073 1194
4267 13762267 6026
4268 13768293 1698
4269 13769991 2336
4270 13772327 4806
4271 13777133 1731
4272 13778864 3353
4273 13782217 1931
4274 13784148 1182
4275 13785330 2640
4276 13787970 683
4277 13788653 2801
4278 13791454 5184
4279 13796638 202
4280 13796840 1659
4281 13798499 2832
4282 13801331 4148
4283 13805479 1258
4284 13806737 1120
4285 13807857 1617
4286 13809474 1192
4287 13810666 1669
4288 13812335 837
4289 13813172 878
4290 13814050 3809
4291 13817859 843
4292 13818702 3114
4293 13821816 7803
4294 13829619 2548
4295 13832167 1515
4296 13833682 3160
4297 13836842 1168
4298 13838010 2700
4299 13840710 2357
4300 13843067 1356
4301 13844423 1042
4302 13845465 3671
4303 13849136 3067
4304 13852203 1477
4305 13853680 8354
4306 13862034 1478
4307 13863512 2060
4308 13865572 965
4309 13866537 1672
4310 13868209 1632
4311 13869841 923
4312 13870764 2431
4313 13873195 9597
4314 13882792 3947
