0 0 1995
1 1995 3118
2 5113 6285
3 11398 997
4 12395 6646
5 19041 951
6 19992 1161
7 21153 799
8 21952 6298
9 28250 2832
10 31082 5052
11 36134 9076
12 45210 7361
13 52571 1850
14 54421 5497
15 59918 3620
16 63538 1530
17 65068 646
18 65714 3291
19 69005 9070
20 78075 2885
21 80960 2220
22 83180 5683
23 88863 1315
24 90178 4399
25 94577 695
26 95272 2568
27 97840 1557
28 99397 1148
29 100545 2517
30 103062 4368
31 107430 2914
32 110344 5399
33 115743 5834
34 121577 4447
35 126024 2764
36 128788 2084
37 130872 1084
38 131956 824
39 132780 2643
40 135423 5745
41 141168 964
42 142132 1836
43 143968 1763
44 145731 7482
45 153213 1223
46 154436 2220
47 156656 2432
48 159088 1396
49 160484 585
50 161069 4999
51 166068 6088
52 172156 11594
53 183750 1238
54 184988 2357
55 187345 1044
56 188389 1283
57 189672 2189
58 191861 2803
59 194664 5174
60 199838 2440
61 202278 3022
62 205300 20018
63 225318 2863
64 228181 1629
65 229810 2252
66 232062 1770
67 233832 1463
68 235295 7324
69 242619 4580
70 247199 12557
71 259756 2419
72 262175 1835
73 264010 1460
74 265470 3115
75 268585 1386
76 269971 3862
77 273833 1118
78 274951 1145
79 276096 1351
80 277447 2415
81 279862 1974
82 281836 2375
83 284211 3430
84 287641 201
85 287842 983
86 288825 7276
87 296101 5186
88 301287 6528
89 307815 4419
90 312234 3694
91 315928 2747
92 318675 30560
93 349235 3944
94 353179 5225
95 358404 2857
96 361261 1969
97 363230 4713
98 367943 1231
99 369174 2559
100 371733 1592
101 373325 213
102 373538 2809
103 376347 941
104 377288 1065
105 378353 15413
106 393766 6382
107 400148 13895
108 414043 734
109 414777 2767
110 417544 2049
111 419593 2592
112 422185 2774
113 424959 1767
114 426726 19847
115 446573 9039
116 455612 3569
117 459181 3551
118 462732 3392
119 466124 2099
120 468223 3333
121 471556 423
122 471979 2898
123 474877 4077
124 478954 2955
125 481909 922
126 482831 682
127 483513 3819
128 487332 222
129 487554 28419
130 515973 4175
131 520148 7350
132 527498 9254
133 536752 30007
134 566759 19514
135 586273 955
136 587228 609
137 587837 2329
138 590166 1611
139 591777 4962
140 596739 3312
141 600051 4045
142 604096 2497
143 606593 4588
144 611181 1141
145 612322 2000
146 614322 667
147 614989 414
148 615403 9839
149 625242 2294
150 627536 853
151 628389 30152
152 658541 3509
153 662050 904
154 662954 2571
155 665525 3099
156 668624 329
157 668953 7171
158 676124 18863
159 694987 5670
160 700657 1299
161 701956 2176
162 704132 2344
163 706476 2605
164 709081 1239
165 710320 8929
166 719249 3624
167 722873 2346
168 725219 21867
169 747086 845
170 747931 384
171 748315 1147
172 749462 3817
173 753279 1112
174 754391 3512
175 757903 3247
176 761150 1582
177 762732 1351
178 764083 2021
179 766104 2141
180 768245 1279
181 769524 1294
182 770818 3871
183 774689 531
184 775220 6429
185 781649 2556
186 784205 3645
187 787850 786
188 788636 1266
189 789902 2371
190 792273 654
191 792927 771
192 793698 4977
193 798675 741
194 799416 3224
195 802640 746
196 803386 6198
197 809584 6338
198 815922 5728
199 821650 10656
200 832306 3796
201 836102 1563
202 837665 2146
203 839811 9529
204 849340 4279
205 853619 6374
206 859993 3043
207 863036 6087
208 869123 6067
209 875190 1684
210 876874 6475
211 883349 3290
212 886639 6669
213 893308 8969
214 902277 1396
215 903673 2908
216 906581 1780
217 908361 3338
218 911699 6019
219 917718 6820
220 924538 6335
221 930873 6480
222 937353 9610
223 946963 9713
224 956676 1200
225 957876 720
226 958596 1150
227 959746 3800
228 963546 679
229 964225 5504
230 969729 1395
231 971124 2782
232 973906 2324
233 976230 5575
234 981805 12221
235 994026 2570
236 996596 26189
237 1022785 3714
238 1026499 4046
239 1030545 12434
240 1042979 4411
241 1047390 3864
242 1051254 14655
243 1065909 12277
244 1078186 3679
245 1081865 1628
246 1083493 9086
247 1092579 1811
248 1094390 685
249 1095075 3243
250 1098318 2848
251 1101166 5839
252 1107005 9559
253 1116564 4027
254 1120591 1162
255 1121753 1757
256 1123510 5512
257 1129022 4601
258 1133623 4529
259 1138152 4398
260 1142550 1843
261 1144393 4344
262 1148737 3669
263 1152406 6176
264 1158582 4195
265 1162777 1101
266 1163878 732
267 1164610 8848
268 1173458 3969
269 1177427 7035
270 1184462 1524
271 1185986 2463
272 1188449 1083
273 1189532 1021
274 1190553 1011
275 1191564 5304
276 1196868 10894
277 1207762 741
278 1208503 662
279 1209165 4006
280 1213171 10012
281 1223183 1309
282 1224492 3114
283 1227606 872
284 1228478 774
285 1229252 621
286 1229873 976
287 1230849 720
288 1231569 1723
289 1233292 12327
290 1245619 4331
291 1249950 11196
292 1261146 3615
293 1264761 472
294 1265233 3146
295 1268379 2108
296 1270487 10114
297 1280601 1125
298 1281726 1341
299 1283067 5154
300 1288221 2528
301 1290749 6611
302 1297360 7769
303 1305129 1417
304 1306546 1761
305 1308307 2235
306 1310542 3410
307 1313952 1884
308 1315836 2095
309 1317931 6007
310 1323938 2075
311 1326013 1459
312 1327472 1111
313 1328583 3168
314 1331751 6315
315 1338066 1952
316 1340018 2391
317 1342409 2608
318 1345017 2595
319 1347612 3594
320 1351206 1394
321 1352600 8437
322 1361037 3872
323 1364909 1469
324 1366378 10342
325 1376720 4086
326 1380806 7182
327 1387988 9967
328 1397955 3364
329 1401319 6498
330 1407817 4377
331 1412194 4665
332 1416859 2998
333 1419857 1333
334 1421190 3065
335 1424255 1946
336 1426201 1669
337 1427870 1717
338 1429587 3352
339 1432939 2062
340 1435001 2125
341 1437126 987
342 1438113 1889
343 1440002 3939
344 1443941 2205
345 1446146 5364
346 1451510 1743
347 1453253 1890
348 1455143 2541
349 1457684 2185
350 1459869 2374
351 1462243 2155
352 1464398 1784
353 1466182 2380
354 1468562 4958
355 1473520 1641
356 1475161 13679
357 1488840 5341
358 1494181 979
359 1495160 14393
360 1509553 1856
361 1511409 1590
362 1512999 1080
363 1514079 1470
364 1515549 1764
365 1517313 6045
366 1523358 2983
367 1526341 3054
368 1529395 2383
369 1531778 1959
370 1533737 2839
371 1536576 5382
372 1541958 15270
373 1557228 7194
374 1564422 3336
375 1567758 3229
376 1570987 2543
377 1573530 2937
378 1576467 1343
379 1577810 2293
380 1580103 5230
381 1585333 1599
382 1586932 1293
383 1588225 1989
384 1590214 2564
385 1592778 2025
386 1594803 1487
387 1596290 1484
388 1597774 1395
389 1599169 2473
390 1601642 2811
391 1604453 2698
392 1607151 1250
393 1608401 1104
394 1609505 861
395 1610366 981
396 1611347 996
397 1612343 2358
398 1614701 1740
399 1616441 1149
400 1617590 903
401 1618493 1134
402 1619627 1356
403 1620983 999
404 1621982 1948
405 1623930 2618
406 1626548 1272
407 1627820 2739
408 1630559 2815
409 1633374 2995
410 1636369 1060
411 1637429 3615
412 1641044 2533
413 1643577 4304
414 1647881 3334
415 1651215 5889
416 1657104 3309
417 1660413 922
418 1661335 2327
419 1663662 4604
420 1668266 804
421 1669070 5814
422 1674884 1231
423 1676115 6025
424 1682140 876
425 1683016 1617
426 1684633 874
427 1685507 3281
428 1688788 6382
429 1695170 830
430 1696000 3416
431 1699416 4049
432 1703465 1250
433 1704715 1084
434 1705799 1803
435 1707602 1536
436 1709138 2496
437 1711634 2495
438 1714129 1749
439 1715878 1380
440 1717258 2905
441 1720163 2436
442 1722599 1569
443 1724168 1862
444 1726030 1082
445 1727112 954
446 1728066 3357
447 1731423 1959
448 1733382 1930
449 1735312 2223
450 1737535 1955
451 1739490 3101
452 1742591 1789
453 1744380 3181
454 1747561 523
455 1748084 1106
456 1749190 811
457 1750001 2561
458 1752562 1059
459 1753621 2263
460 1755884 1859
461 1757743 1425
462 1759168 726
463 1759894 1676
464 1761570 2529
465 1764099 1565
466 1765664 2282
467 1767946 2380
468 1770326 2245
469 1772571 1069
470 1773640 2507
471 1776147 1422
472 1777569 4152
473 1781721 2103
474 1783824 1794
475 1785618 4204
476 1789822 542
477 1790364 833
478 1791197 2560
479 1793757 4204
480 1797961 3546
481 1801507 909
482 1802416 4076
483 1806492 3509
484 1810001 1222
485 1811223 2389
486 1813612 2639
487 1816251 789
488 1817040 1096
489 1818136 2938
490 1821074 4400
491 1825474 9687
492 1835161 2210
493 1837371 3163
494 1840534 2108
495 1842642 2284
496 1844926 26802
497 1871728 1902
498 1873630 1782
499 1875412 5338
500 1880750 5440
501 1886190 2511
502 1888701 3402
503 1892103 4794
504 1896897 3737
505 1900634 3373
506 1904007 15350
507 1919357 4146
508 1923503 3583
509 1927086 10167
510 1937253 1690
511 1938943 1513
512 1940456 5856
513 1946312 5338
514 1951650 3846
515 1955496 2205
516 1957701 1352
517 1959053 686
518 1959739 1542
519 1961281 4635
520 1965916 2749
521 1968665 1959
522 1970624 8762
523 1979386 6242
524 1985628 5192
525 1990820 1974
526 1992794 6474
527 1999268 2976
528 2002244 2942
529 2005186 7478
530 2012664 1704
531 2014368 2029
532 2016397 2592
533 2018989 1711
534 2020700 1622
535 2022322 10825
536 2033147 7582
537 2040729 3391
538 2044120 3049
539 2047169 1907
540 2049076 5574
541 2054650 8170
542 2062820 3207
543 2066027 593
544 2066620 3660
545 2070280 5111
546 2075391 6923
547 2082314 943
548 2083257 2377
549 2085634 4346
550 2089980 3566
551 2093546 2907
552 2096453 5640
553 2102093 5112
554 2107205 7315
555 2114520 1132
556 2115652 3941
557 2119593 1365
558 2120958 7334
559 2128292 3299
560 2131591 4388
561 2135979 4884
562 2140863 2353
563 2143216 6058
564 2149274 2291
565 2151565 1721
566 2153286 15254
567 2168540 5411
568 2173951 1396
569 2175347 5658
570 2181005 1403
571 2182408 4647
572 2187055 4601
573 2191656 9721
574 2201377 1744
575 2203121 3479
576 2206600 15828
577 2222428 9609
578 2232037 3923
579 2235960 7862
580 2243822 13846
581 2257668 3812
582 2261480 14129
583 2275609 5418
584 2281027 3330
585 2284357 3679
586 2288036 6336
587 2294372 1488
588 2295860 2678
589 2298538 2094
590 2300632 3104
591 2303736 1605
592 2305341 8496
593 2313837 3491
594 2317328 3383
595 2320711 7900
596 2328611 8170
597 2336781 8593
598 2345374 5667
599 2351041 7044
600 2358085 1795
601 2359880 6405
602 2366285 9047
603 2375332 3854
604 2379186 4596
605 2383782 2730
606 2386512 2399
607 2388911 3868
608 2392779 4812
609 2397591 4250
610 2401841 3250
611 2405091 7028
612 2412119 8509
613 2420628 8445
614 2429073 2799
615 2431872 667
616 2432539 4192
617 2436731 8138
618 2444869 8268
619 2453137 5410
620 2458547 2423
621 2460970 7574
622 2468544 6626
623 2475170 3458
624 2478628 2879
625 2481507 1059
626 2482566 3055
627 2485621 10607
628 2496228 7538
629 2503766 7593
630 2511359 1050
631 2512409 2974
632 2515383 1795
633 2517178 8028
634 2525206 6912
635 2532118 4067
636 2536185 9546
637 2545731 9605
638 2555336 2695
639 2558031 3787
640 2561818 5667
641 2567485 14728
642 2582213 3046
643 2585259 4444
644 2589703 7860
645 2597563 6463
646 2604026 2508
647 2606534 3842
648 2610376 3793
649 2614169 1868
650 2616037 3387
651 2619424 5055
652 2624479 2249
653 2626728 1372
654 2628100 3996
655 2632096 1000
656 2633096 3474
657 2636570 3284
658 2639854 3676
659 2643530 3277
660 2646807 2465
661 2649272 995
662 2650267 1262
663 2651529 8044
664 2659573 6966
665 2666539 4470
666 2671009 7265
667 2678274 997
668 2679271 3317
669 2682588 9038
670 2691626 2145
671 2693771 6271
672 2700042 6261
673 2706303 1151
674 2707454 819
675 2708273 6825
676 2715098 3582
677 2718680 2681
678 2721361 1032
679 2722393 5299
680 2727692 1304
681 2728996 14563
682 2743559 1098
683 2744657 1330
684 2745987 5220
685 2751207 2501
686 2753708 3100
687 2756808 6837
688 2763645 6204
689 2769849 9119
690 2778968 11642
691 2790610 2068
692 2792678 6459
693 2799137 5745
694 2804882 7677
695 2812559 196
696 2812755 232
697 2812987 218
698 2813205 241
699 2813446 5929
700 2819375 1234
701 2820609 4926
702 2825535 9899
703 2835434 5477
704 2840911 3014
705 2843925 1997
706 2845922 1963
707 2847885 2328
708 2850213 1829
709 2852042 1423
710 2853465 1507
711 2854972 1572
712 2856544 1642
713 2858186 3440
714 2861626 2536
715 2864162 15176
716 2879338 3284
717 2882622 7925
718 2890547 3671
719 2894218 3417
720 2897635 6129
721 2903764 2528
722 2906292 3681
723 2909973 2731
724 2912704 9298
725 2922002 1383
726 2923385 182
727 2923567 1931
728 2925498 4929
729 2930427 1403
730 2931830 1697
731 2933527 1839
732 2935366 2838
733 2938204 8119
734 2946323 7477
735 2953800 3488
736 2957288 9676
737 2966964 1650
738 2968614 959
739 2969573 1650
740 2971223 4126
741 2975349 3733
742 2979082 1020
743 2980102 14986
744 2995088 6446
745 3001534 3472
746 3005006 3483
747 3008489 1221
748 3009710 4780
749 3014490 769
750 3015259 508
751 3015767 7758
752 3023525 2829
753 3026354 3620
754 3029974 2707
755 3032681 1220
756 3033901 1000
757 3034901 2154
758 3037055 241
759 3037296 11809
760 3049105 5305
761 3054410 5858
762 3060268 1756
763 3062024 1072
764 3063096 22631
765 3085727 1523
766 3087250 6583
767 3093833 3784
768 3097617 2112
769 3099729 4995
770 3104724 6538
771 3111262 4706
772 3115968 4227
773 3120195 3594
774 3123789 3039
775 3126828 8626
776 3135454 4032
777 3139486 7522
778 3147008 38466
779 3185474 5412
780 3190886 17834
781 3208720 5283
782 3214003 2771
783 3216774 10524
784 3227298 3783
785 3231081 4716
786 3235797 5403
787 3241200 4824
788 3246024 5241
789 3251265 6727
790 3257992 6480
791 3264472 4676
792 3269148 4148
793 3273296 8941
794 3282237 8387
795 3290624 5463
796 3296087 4274
797 3300361 7418
798 3307779 7891
799 3315670 5648
800 3321318 5349
801 3326667 4463
802 3331130 4954
803 3336084 4306
804 3340390 4364
805 3344754 5332
806 3350086 1257
807 3351343 4003
808 3355346 19800
809 3375146 3704
810 3378850 6331
811 3385181 4667
812 3389848 2815
813 3392663 3476
814 3396139 3905
815 3400044 3467
816 3403511 4270
817 3407781 11894
818 3419675 4230
819 3423905 8196
820 3432101 7827
821 3439928 7973
822 3447901 7292
823 3455193 1633
824 3456826 5248
825 3462074 4606
826 3466680 9404
827 3476084 5304
828 3481388 4197
829 3485585 4784
830 3490369 10483
831 3500852 5549
832 3506401 4110
833 3510511 3138
834 3513649 3741
835 3517390 3906
836 3521296 3308
837 3524604 3409
838 3528013 18391
839 3546404 4805
840 3551209 5362
841 3556571 3392
842 3559963 11471
843 3571434 7873
844 3579307 19509
845 3598816 5457
846 3604273 1230
847 3605503 2132
848 3607635 2866
849 3610501 3664
850 3614165 19320
851 3633485 19729
852 3653214 4346
853 3657560 4298
854 3661858 3522
855 3665380 12537
856 3677917 6769
857 3684686 25668
858 3710354 11204
859 3721558 7091
860 3728649 1551
861 3730200 5944
862 3736144 6348
863 3742492 23535
864 3766027 1566
865 3767593 2810
866 3770403 4319
867 3774722 5447
868 3780169 3006
869 3783175 2755
870 3785930 3735
871 3789665 2128
872 3791793 4008
873 3795801 13034
874 3808835 2514
875 3811349 1920
876 3813269 3615
877 3816884 3852
878 3820736 3868
879 3824604 1903
880 3826507 5421
881 3831928 6839
882 3838767 2515
883 3841282 4578
884 3845860 6935
885 3852795 1508
886 3854303 2493
887 3856796 2679
888 3859475 813
889 3860288 5341
890 3865629 272
891 3865901 848
892 3866749 3548
893 3870297 5939
894 3876236 1246
895 3877482 1390
896 3878872 3664
897 3882536 2390
898 3884926 2208
899 3887134 3776
900 3890910 4092
901 3895002 962
902 3895964 2941
903 3898905 1152
904 3900057 1792
905 3901849 2011
906 3903860 3123
907 3906983 7125
908 3914108 8562
909 3922670 3970
910 3926640 3976
911 3930616 4625
912 3935241 3919
913 3939160 1177
914 3940337 4236
915 3944573 2720
916 3947293 1736
917 3949029 1098
918 3950127 4052
919 3954179 3872
920 3958051 2894
921 3960945 1310
922 3962255 3167
923 3965422 7680
924 3973102 18940
925 3992042 2209
926 3994251 3785
927 3998036 1667
928 3999703 4241
929 4003944 5119
930 4009063 8866
931 4017929 3140
932 4021069 13392
933 4034461 3733
934 4038194 192
935 4038386 6349
936 4044735 8661
937 4053396 5745
938 4059141 2169
939 4061310 4975
940 4066285 1234
941 4067519 3882
942 4071401 6335
943 4077736 1675
944 4079411 3452
945 4082863 2818
946 4085681 6317
947 4091998 1811
948 4093809 6716
949 4100525 3639
950 4104164 10448
951 4114612 6997
952 4121609 4581
953 4126190 3543
954 4129733 6402
955 4136135 9605
956 4145740 2819
957 4148559 4550
958 4153109 8688
959 4161797 1572
960 4163369 4806
961 4168175 1478
962 4169653 3258
963 4172911 1209
964 4174120 1779
965 4175899 4550
966 4180449 1090
967 4181539 4190
968 4185729 1824
969 4187553 2139
970 4189692 213
971 4189905 4927
972 4194832 2628
973 4197460 2598
974 4200058 370
975 4200428 1525
976 4201953 1503
977 4203456 2180
978 4205636 1494
979 4207130 1084
980 4208214 2659
981 4210873 1024
982 4211897 337
983 4212234 4563
984 4216797 1284
985 4218081 896
986 4218977 3891
987 4222868 1341
988 4224209 3111
989 4227320 2610
990 4229930 544
991 4230474 1290
992 4231764 1241
993 4233005 2497
994 4235502 1198
995 4236700 597
996 4237297 1338
997 4238635 7424
998 4246059 3879
999 4249938 7014
1000 4256952 1674
1001 4258626 1616
1002 4260242 2047
1003 4262289 1344
1004 4263633 516
1005 4264149 1355
1006 4265504 2293
1007 4267797 1542
1008 4269339 11501
1009 4280840 2053
1010 4282893 824
1011 4283717 928
1012 4284645 1069
1013 4285714 1824
1014 4287538 720
1015 4288258 11523
1016 4299781 1783
1017 4301564 2949
1018 4304513 3716
1019 4308229 955
1020 4309184 2204
1021 4311388 1232
1022 4312620 4745
1023 4317365 320
1024 4317685 7021
1025 4324706 1044
1026 4325750 1782
1027 4327532 2563
1028 4330095 1489
1029 4331584 1252
1030 4332836 1666
1031 4334502 3001
1032 4337503 1333
1033 4338836 522
1034 4339358 6452
1035 4345810 2697
1036 4348507 452
1037 4348959 4233
1038 4353192 527
1039 4353719 1486
1040 4355205 2121
1041 4357326 2785
1042 4360111 3163
1043 4363274 1377
1044 4364651 1533
1045 4366184 1137
1046 4367321 1452
1047 4368773 2350
1048 4371123 598
1049 4371721 1305
1050 4373026 5480
1051 4378506 1252
1052 4379758 1964
1053 4381722 2668
1054 4384390 2414
1055 4386804 1212
1056 4388016 6783
1057 4394799 3171
1058 4397970 2605
1059 4400575 5224
1060 4405799 1926
1061 4407725 2568
1062 4410293 4756
1063 4415049 4713
1064 4419762 4478
1065 4424240 3099
1066 4427339 7652
1067 4434991 5774
1068 4440765 3514
1069 4444279 3333
1070 4447612 2373
1071 4449985 3484
1072 4453469 2184
1073 4455653 2049
1074 4457702 9115
1075 4466817 5386
1076 4472203 7476
1077 4479679 5399
1078 4485078 4819
1079 4489897 8195
1080 4498092 11869
1081 4509961 6292
1082 4516253 1447
1083 4517700 1872
1084 4519572 977
1085 4520549 5319
1086 4525868 2967
1087 4528835 685
1088 4529520 4205
1089 4533725 830
1090 4534555 3163
1091 4537718 748
1092 4538466 935
1093 4539401 4243
1094 4543644 3685
1095 4547329 1290
1096 4548619 1822
1097 4550441 1163
1098 4551604 1651
1099 4553255 893
1100 4554148 2508
1101 4556656 4379
1102 4561035 4680
1103 4565715 1116
1104 4566831 2244
1105 4569075 966
1106 4570041 1974
1107 4572015 908
1108 4572923 1205
1109 4574128 1495
1110 4575623 573
1111 4576196 3972
1112 4580168 1456
1113 4581624 4814
1114 4586438 2483
1115 4588921 2078
1116 4590999 2500
1117 4593499 2245
1118 4595744 3487
1119 4599231 1678
1120 4600909 1136
1121 4602045 2611
1122 4604656 2034
1123 4606690 1897
1124 4608587 4287
1125 4612874 14483
1126 4627357 2116
1127 4629473 6540
1128 4636013 13664
1129 4649677 9040
1130 4658717 3706
1131 4662423 4607
1132 4667030 3640
1133 4670670 5644
1134 4676314 1699
1135 4678013 3987
1136 4682000 1898
1137 4683898 9724
1138 4693622 6438
1139 4700060 2453
1140 4702513 4501
1141 4707014 7513
1142 4714527 2092
1143 4716619 3679
1144 4720298 4295
1145 4724593 1098
1146 4725691 2220
1147 4727911 409
1148 4728320 424
1149 4728744 439
1150 4729183 482
1151 4729665 454
1152 4730119 459
1153 4730578 485
1154 4731063 522
1155 4731585 470
1156 4732055 500
1157 4732555 472
1158 4733027 468
1159 4733495 483
1160 4733978 451
1161 4734429 520
1162 4734949 6732
1163 4741681 8212
1164 4749893 3696
1165 4753589 5005
1166 4758594 3504
1167 4762098 1858
1168 4763956 986
1169 4764942 1394
1170 4766336 1178
1171 4767514 2095
1172 4769609 1291
1173 4770900 1734
1174 4772634 1797
1175 4774431 2142
1176 4776573 1797
1177 4778370 7641
1178 4786011 18201
1179 4804212 3872
1180 4808084 4410
1181 4812494 3345
1182 4815839 3551
1183 4819390 10429
1184 4829819 4058
1185 4833877 1221
1186 4835098 902
1187 4836000 1503
1188 4837503 973
1189 4838476 1965
1190 4840441 4476
1191 4844917 1634
1192 4846551 6089
1193 4852640 7684
1194 4860324 1959
1195 4862283 3982
1196 4866265 2670
1197 4868935 4758
1198 4873693 8848
1199 4882541 4965
1200 4887506 7955
1201 4895461 4779
1202 4900240 10017
1203 4910257 2163
1204 4912420 1614
1205 4914034 2099
1206 4916133 1868
1207 4918001 2416
1208 4920417 2833
1209 4923250 2575
1210 4925825 13129
1211 4938954 2494
1212 4941448 2245
1213 4943693 3087
1214 4946780 1584
1215 4948364 10157
1216 4958521 9640
1217 4968161 4701
1218 4972862 6975
1219 4979837 3660
1220 4983497 3421
1221 4986918 2840
1222 4989758 5851
1223 4995609 3073
1224 4998682 5791
1225 5004473 4761
1226 5009234 13668
1227 5022902 3823
1228 5026725 2956
1229 5029681 1564
1230 5031245 8093
1231 5039338 5688
1232 5045026 12453
1233 5057479 3793
1234 5061272 2186
1235 5063458 5452
1236 5068910 5804
1237 5074714 7890
1238 5082604 10112
1239 5092716 3602
1240 5096318 3366
1241 5099684 2159
1242 5101843 370
1243 5102213 3761
1244 5105974 2007
1245 5107981 1477
1246 5109458 7355
1247 5116813 1023
1248 5117836 946
1249 5118782 1675
1250 5120457 3240
1251 5123697 1828
1252 5125525 4048
1253 5129573 2150
1254 5131723 4005
1255 5135728 1403
1256 5137131 4894
1257 5142025 2598
1258 5144623 1739
1259 5146362 1970
1260 5148332 1480
1261 5149812 676
1262 5150488 667
1263 5151155 690
1264 5151845 669
1265 5152514 710
1266 5153224 688
1267 5153912 698
1268 5154610 645
1269 5155255 638
1270 5155893 662
1271 5156555 644
1272 5157199 725
1273 5157924 693
1274 5158617 665
1275 5159282 638
1276 5159920 682
1277 5160602 634
1278 5161236 666
1279 5161902 652
1280 5162554 641
1281 5163195 661
1282 5163856 654
1283 5164510 664
1284 5165174 658
1285 5165832 674
1286 5166506 710
1287 5167216 693
1288 5167909 668
1289 5168577 688
1290 5169265 674
1291 5169939 707
1292 5170646 693
1293 5171339 705
1294 5172044 679
1295 5172723 706
1296 5173429 681
1297 5174110 713
1298 5174823 667
1299 5175490 644
1300 5176134 679
1301 5176813 658
1302 5177471 667
1303 5178138 644
1304 5178782 673
1305 5179455 661
1306 5180116 658
1307 5180774 661
1308 5181435 653
1309 5182088 663
1310 5182751 706
1311 5183457 659
1312 5184116 692
1313 5184808 636
1314 5185444 674
1315 5186118 668
1316 5186786 689
1317 5187475 671
1318 5188146 708
1319 5188854 641
1320 5189495 658
1321 5190153 693
1322 5190846 674
1323 5191520 665
1324 5192185 671
1325 5192856 689
1326 5193545 708
1327 5194253 659
1328 5194912 690
1329 5195602 656
1330 5196258 718
1331 5196976 649
1332 5197625 678
1333 5198303 661
1334 5198964 672
1335 5199636 660
1336 5200296 647
1337 5200943 660
1338 5201603 655
1339 5202258 672
1340 5202930 656
1341 5203586 710
1342 5204296 681
1343 5204977 662
1344 5205639 692
1345 5206331 662
1346 5206993 666
1347 5207659 669
1348 5208328 668
1349 5208996 667
1350 5209663 689
1351 5210352 672
1352 5211024 661
1353 5211685 703
1354 5212388 645
1355 5213033 671
1356 5213704 668
1357 5214372 687
1358 5215059 674
1359 5215733 669
1360 5216402 662
1361 5217064 717
1362 5217781 662
1363 5218443 668
1364 5219111 672
1365 5219783 648
1366 5220431 666
1367 5221097 661
1368 5221758 663
1369 5222421 651
1370 5223072 666
1371 5223738 661
1372 5224399 664
1373 5225063 663
1374 5225726 676
1375 5226402 631
1376 5227033 690
1377 5227723 667
1378 5228390 703
1379 5229093 689
1380 5229782 672
1381 5230454 668
1382 5231122 721
1383 5231843 643
1384 5232486 653
1385 5233139 689
1386 5233828 673
1387 5234501 679
1388 5235180 687
1389 5235867 700
1390 5236567 675
1391 5237242 715
1392 5237957 718
1393 5238675 669
1394 5239344 664
1395 5240008 651
1396 5240659 658
1397 5241317 661
1398 5241978 660
1399 5242638 691
1400 5243329 670
1401 5243999 647
1402 5244646 649
1403 5245295 648
1404 5245943 660
1405 5246603 691
1406 5247294 677
1407 5247971 699
1408 5248670 659
1409 5249329 703
1410 5250032 665
1411 5250697 690
1412 5251387 680
1413 5252067 694
1414 5252761 675
1415 5253436 676
1416 5254112 702
1417 5254814 657
1418 5255471 198
1419 5255669 181
1420 5255850 690
1421 5256540 674
1422 5257214 709
1423 5257923 667
1424 5258590 690
1425 5259280 657
1426 5259937 662
1427 5260599 659
1428 5261258 656
1429 5261914 700
1430 5262614 655
1431 5263269 669
1432 5263938 649
1433 5264587 639
1434 5265226 657
1435 5265883 661
1436 5266544 646
1437 5267190 659
1438 5267849 656
1439 5268505 673
1440 5269178 654
1441 5269832 661
1442 5270493 698
1443 5271191 705
1444 5271896 721
1445 5272617 695
1446 5273312 656
1447 5273968 671
1448 5274639 688
1449 5275327 652
1450 5275979 693
1451 5276672 648
1452 5277320 664
1453 5277984 675
1454 5278659 659
1455 5279318 673
1456 5279991 698
1457 5280689 656
1458 5281345 650
1459 5281995 691
1460 5282686 660
1461 5283346 676
1462 5284022 652
1463 5284674 698
1464 5285372 662
1465 5286034 678
1466 5286712 663
1467 5287375 673
1468 5288048 713
1469 5288761 710
1470 5289471 720
1471 5290191 659
1472 5290850 731
1473 5291581 688
1474 5292269 657
1475 5292926 663
1476 5293589 652
1477 5294241 684
1478 5294925 643
1479 5295568 649
1480 5296217 672
1481 5296889 652
1482 5297541 670
1483 5298211 657
1484 5298868 684
1485 5299552 648
1486 5300200 697
1487 5300897 680
1488 5301577 658
1489 5302235 690
1490 5302925 659
1491 5303584 661
1492 5304245 697
1493 5304942 683
1494 5305625 661
1495 5306286 663
1496 5306949 674
1497 5307623 697
1498 5308320 656
1499 5308976 649
1500 5309625 700
1501 5310325 668
1502 5310993 674
1503 5311667 651
1504 5312318 692
1505 5313010 730
1506 5313740 710
1507 5314450 709
1508 5315159 702
1509 5315861 718
1510 5316579 721
1511 5317300 695
1512 5317995 690
1513 5318685 690
1514 5319375 708
1515 5320083 693
1516 5320776 674
1517 5321450 643
1518 5322093 663
1519 5322756 700
1520 5323456 663
1521 5324119 663
1522 5324782 669
1523 5325451 676
1524 5326127 640
1525 5326767 666
1526 5327433 666
1527 5328099 689
1528 5328788 669
1529 5329457 703
1530 5330160 746
1531 5330906 746
1532 5331652 642
1533 5332294 653
1534 5332947 655
1535 5333602 663
1536 5334265 636
1537 5334901 682
1538 5335583 630
1539 5336213 640
1540 5336853 664
1541 5337517 643
1542 5338160 677
1543 5338837 702
1544 5339539 216
1545 5339755 697
1546 5340452 683
1547 5341135 689
1548 5341824 675
1549 5342499 681
1550 5343180 691
1551 5343871 690
1552 5344561 654
1553 5345215 720
1554 5345935 686
1555 5346621 642
1556 5347263 668
1557 5347931 656
1558 5348587 655
1559 5349242 652
1560 5349894 630
1561 5350524 655
1562 5351179 647
1563 5351826 652
1564 5352478 656
1565 5353134 651
1566 5353785 662
1567 5354447 695
1568 5355142 662
1569 5355804 688
1570 5356492 644
1571 5357136 672
1572 5357808 656
1573 5358464 721
1574 5359185 698
1575 5359883 690
1576 5360573 697
1577 5361270 663
1578 5361933 663
1579 5362596 656
1580 5363252 679
1581 5363931 651
1582 5364582 665
1583 5365247 662
1584 5365909 691
1585 5366600 661
1586 5367261 684
1587 5367945 701
1588 5368646 697
1589 5369343 676
1590 5370019 669
1591 5370688 676
1592 5371364 662
1593 5372026 691
1594 5372717 664
1595 5373381 674
1596 5374055 659
1597 5374714 651
1598 5375365 646
1599 5376011 655
1600 5376666 639
1601 5377305 652
1602 5377957 670
1603 5378627 652
1604 5379279 649
1605 5379928 697
1606 5380625 678
1607 5381303 661
1608 5381964 700
1609 5382664 690
1610 5383354 663
1611 5384017 667
1612 5384684 668
1613 5385352 694
1614 5386046 680
1615 5386726 689
1616 5387415 664
1617 5388079 741
1618 5388820 680
1619 5389500 692
1620 5390192 647
1621 5390839 649
1622 5391488 640
1623 5392128 670
1624 5392798 679
1625 5393477 668
1626 5394145 648
1627 5394793 655
1628 5395448 651
1629 5396099 644
1630 5396743 656
1631 5397399 648
1632 5398047 665
1633 5398712 631
1634 5399343 644
1635 5399987 660
1636 5400647 656
1637 5401303 681
1638 5401984 688
1639 5402672 670
1640 5403342 649
1641 5403991 663
1642 5404654 639
1643 5405293 643
1644 5405936 700
1645 5406636 664
1646 5407300 660
1647 5407960 675
1648 5408635 656
1649 5409291 635
1650 5409926 691
1651 5410617 663
1652 5411280 693
1653 5411973 666
1654 5412639 644
1655 5413283 650
1656 5413933 672
1657 5414605 645
1658 5415250 643
1659 5415893 695
1660 5416588 671
1661 5417259 642
1662 5417901 642
1663 5418543 635
1664 5419178 674
1665 5419852 715
1666 5420567 674
1667 5421241 641
1668 5421882 646
1669 5422528 642
1670 5423170 653
1671 5423823 632
1672 5424455 638
1673 5425093 638
1674 5425731 665
1675 5426396 647
1676 5427043 661
1677 5427704 699
1678 5428403 630
1679 5429033 658
1680 5429691 3234
1681 5432925 4248
1682 5437173 2619
1683 5439792 2717
1684 5442509 3568
1685 5446077 3468
1686 5449545 3783
1687 5453328 3060
1688 5456388 4294
1689 5460682 3184
1690 5463866 3990
1691 5467856 4145
1692 5472001 3542
1693 5475543 3654
1694 5479197 3805
1695 5483002 3996
1696 5486998 3470
1697 5490468 3774
1698 5494242 3483
1699 5497725 2858
1700 5500583 3089
1701 5503672 3129
1702 5506801 4056
1703 5510857 3258
1704 5514115 3390
1705 5517505 3452
1706 5520957 3514
1707 5524471 4678
1708 5529149 1515
1709 5530664 3418
1710 5534082 4861
1711 5538943 1231
1712 5540174 5070
1713 5545244 3281
1714 5548525 3635
1715 5552160 3725
1716 5555885 3481
1717 5559366 2730
1718 5562096 3237
1719 5565333 3645
1720 5568978 3190
1721 5572168 3541
1722 5575709 18908
1723 5594617 4503
1724 5599120 3778
1725 5602898 3612
1726 5606510 4320
1727 5610830 1237
1728 5612067 931
1729 5612998 2957
1730 5615955 4054
1731 5620009 3542
1732 5623551 3527
1733 5627078 2609
1734 5629687 1110
1735 5630797 4213
1736 5635010 19773
1737 5654783 3812
1738 5658595 4813
1739 5663408 3330
1740 5666738 4802
1741 5671540 3302
1742 5674842 3264
1743 5678106 3636
1744 5681742 2678
1745 5684420 2753
1746 5687173 1931
1747 5689104 2394
1748 5691498 1556
1749 5693054 1138
1750 5694192 801
1751 5694993 1117
1752 5696110 8041
1753 5704151 5516
1754 5709667 1324
1755 5710991 2006
1756 5712997 4737
1757 5717734 6747
1758 5724481 8130
1759 5732611 3890
1760 5736501 1235
1761 5737736 8782
1762 5746518 6030
1763 5752548 2066
1764 5754614 4429
1765 5759043 1938
1766 5760981 2400
1767 5763381 1274
1768 5764655 2927
1769 5767582 2159
1770 5769741 3014
1771 5772755 2592
1772 5775347 1518
1773 5776865 3399
1774 5780264 1659
1775 5781923 6350
1776 5788273 2468
1777 5790741 2152
1778 5792893 5051
1779 5797944 8521
1780 5806465 5175
1781 5811640 1479
1782 5813119 2463
1783 5815582 2362
1784 5817944 1824
1785 5819768 3491
1786 5823259 2424
1787 5825683 3909
1788 5829592 448
1789 5830040 2461
1790 5832501 2088
1791 5834589 2429
1792 5837018 2658
1793 5839676 7964
1794 5847640 5192
1795 5852832 5912
1796 5858744 4543
1797 5863287 2500
1798 5865787 2486
1799 5868273 7378
1800 5875651 1149
1801 5876800 1779
1802 5878579 1925
1803 5880504 645
1804 5881149 489
1805 5881638 605
1806 5882243 2577
1807 5884820 2513
1808 5887333 1924
1809 5889257 5756
1810 5895013 2034
1811 5897047 3819
1812 5900866 2383
1813 5903249 1578
1814 5904827 3007
1815 5907834 1777
1816 5909611 8315
1817 5917926 1702
1818 5919628 9593
1819 5929221 2023
1820 5931244 1857
1821 5933101 2649
1822 5935750 3189
1823 5938939 9563
1824 5948502 3460
1825 5951962 8339
1826 5960301 2145
1827 5962446 1736
1828 5964182 1056
1829 5965238 1068
1830 5966306 1370
1831 5967676 5326
1832 5973002 4985
1833 5977987 2158
1834 5980145 1745
1835 5981890 4013
1836 5985903 2330
1837 5988233 2264
1838 5990497 1491
1839 5991988 4274
1840 5996262 1276
1841 5997538 1240
1842 5998778 1418
1843 6000196 1695
1844 6001891 5161
1845 6007052 2527
1846 6009579 1381
1847 6010960 3180
1848 6014140 10805
1849 6024945 1552
1850 6026497 2117
1851 6028614 6991
1852 6035605 1865
1853 6037470 3330
1854 6040800 1920
1855 6042720 12806
1856 6055526 4661
1857 6060187 1384
1858 6061571 2478
1859 6064049 2322
1860 6066371 2154
1861 6068525 3621
1862 6072146 1395
1863 6073541 11056
1864 6084597 1176
1865 6085773 684
1866 6086457 4727
1867 6091184 1303
1868 6092487 912
1869 6093399 3103
1870 6096502 1901
1871 6098403 2881
1872 6101284 981
1873 6102265 1323
1874 6103588 1363
1875 6104951 536
1876 6105487 3978
1877 6109465 4933
1878 6114398 3241
1879 6117639 2194
1880 6119833 867
1881 6120700 797
1882 6121497 1252
1883 6122749 5662
1884 6128411 1592
1885 6130003 777
1886 6130780 1686
1887 6132466 12935
1888 6145401 566
1889 6145967 1846
1890 6147813 2475
1891 6150288 2323
1892 6152611 2690
1893 6155301 1656
1894 6156957 629
1895 6157586 2165
1896 6159751 2199
1897 6161950 2201
1898 6164151 2330
1899 6166481 2135
1900 6168616 492
1901 6169108 2431
1902 6171539 1242
1903 6172781 3094
1904 6175875 1564
1905 6177439 716
1906 6178155 1051
1907 6179206 5107
1908 6184313 7808
1909 6192121 10956
1910 6203077 1832
1911 6204909 7234
1912 6212143 3668
1913 6215811 7885
1914 6223696 484
1915 6224180 3873
1916 6228053 760
1917 6228813 880
1918 6229693 5649
1919 6235342 1488
1920 6236830 2138
1921 6238968 2615
1922 6241583 3658
1923 6245241 3262
1924 6248503 2088
1925 6250591 4833
1926 6255424 10066
1927 6265490 595
1928 6266085 3151
1929 6269236 3451
1930 6272687 3758
1931 6276445 6218
1932 6282663 9802
1933 6292465 2081
1934 6294546 1634
1935 6296180 3115
1936 6299295 3664
1937 6302959 1987
1938 6304946 4383
1939 6309329 1370
1940 6310699 9419
1941 6320118 4558
1942 6324676 2577
1943 6327253 3565
1944 6330818 1779
1945 6332597 1487
1946 6334084 1499
1947 6335583 4699
1948 6340282 2891
1949 6343173 8512
1950 6351685 7747
1951 6359432 5287
1952 6364719 3038
1953 6367757 7134
1954 6374891 1209
1955 6376100 2799
1956 6378899 2590
1957 6381489 1953
1958 6383442 2312
1959 6385754 535
1960 6386289 5862
1961 6392151 526
1962 6392677 2069
1963 6394746 6594
1964 6401340 5856
1965 6407196 2514
1966 6409710 3070
1967 6412780 8909
1968 6421689 3605
1969 6425294 3037
1970 6428331 8906
1971 6437237 4007
1972 6441244 3376
1973 6444620 3610
1974 6448230 1480
1975 6449710 4470
1976 6454180 1028
1977 6455208 1778
1978 6456986 5573
1979 6462559 2092
1980 6464651 1797
1981 6466448 15762
1982 6482210 5883
1983 6488093 2257
1984 6490350 2621
1985 6492971 5379
1986 6498350 3916
1987 6502266 13668
1988 6515934 3818
1989 6519752 1862
1990 6521614 3620
1991 6525234 6535
1992 6531769 2970
1993 6534739 560
1994 6535299 4658
1995 6539957 4522
1996 6544479 2704
1997 6547183 4714
1998 6551897 2158
1999 6554055 744
2000 6554799 8024
2001 6562823 11484
2002 6574307 2038
2003 6576345 3588
2004 6579933 5146
2005 6585079 5317
2006 6590396 5126
2007 6595522 6286
2008 6601808 1027
2009 6602835 7136
2010 6609971 2932
2011 6612903 9470
2012 6622373 4202
2013 6626575 6389
2014 6632964 2878
2015 6635842 1599
2016 6637441 2903
2017 6640344 3385
2018 6643729 1765
2019 6645494 5505
2020 6650999 9001
2021 6660000 179
2022 6660179 2286
2023 6662465 8370
2024 6670835 6769
2025 6677604 6423
2026 6684027 3676
2027 6687703 3370
2028 6691073 2876
2029 6693949 3404
2030 6697353 469
2031 6697822 2160
2032 6699982 3904
2033 6703886 3599
2034 6707485 2903
2035 6710388 3559
2036 6713947 2687
2037 6716634 6528
2038 6723162 9356
2039 6732518 8372
2040 6740890 10450
2041 6751340 9646
2042 6760986 10204
2043 6771190 7903
2044 6779093 5430
2045 6784523 6193
2046 6790716 7444
2047 6798160 3521
2048 6801681 3966
2049 6805647 1559
2050 6807206 1645
2051 6808851 3133
2052 6811984 3500
2053 6815484 5891
2054 6821375 4578
2055 6825953 3468
2056 6829421 11539
2057 6840960 5106
2058 6846066 4774
2059 6850840 1068
2060 6851908 4123
2061 6856031 3638
2062 6859669 3422
2063 6863091 4291
2064 6867382 4892
2065 6872274 4545
2066 6876819 7969
2067 6884788 2237
2068 6887025 5503
2069 6892528 4366
2070 6896894 6479
2071 6903373 4751
2072 6908124 2140
2073 6910264 1487
2074 6911751 3304
2075 6915055 4573
2076 6919628 4126
2077 6923754 6201
2078 6929955 8526
2079 6938481 1849
2080 6940330 5734
2081 6946064 7229
2082 6953293 1282
2083 6954575 3399
2084 6957974 4082
2085 6962056 1635
2086 6963691 7190
2087 6970881 2747
2088 6973628 10071
2089 6983699 4276
2090 6987975 5764
2091 6993739 811
2092 6994550 3732
2093 6998282 1971
2094 7000253 7362
2095 7007615 1297
2096 7008912 1073
2097 7009985 9019
2098 7019004 11170
2099 7030174 9205
2100 7039379 15909
2101 7055288 8708
2102 7063996 8401
2103 7072397 7346
2104 7079743 11181
2105 7090924 19420
2106 7110344 13504
2107 7123848 5459
2108 7129307 494
2109 7129801 836
2110 7130637 3193
2111 7133830 7326
2112 7141156 541
2113 7141697 1533
2114 7143230 3459
2115 7146689 2100
2116 7148789 9129
2117 7157918 7991
2118 7165909 8559
2119 7174468 4679
2120 7179147 2681
2121 7181828 4077
2122 7185905 7124
2123 7193029 3401
2124 7196430 2830
2125 7199260 683
2126 7199943 1052
2127 7200995 1634
2128 7202629 6630
2129 7209259 1346
2130 7210605 11383
2131 7221988 6314
2132 7228302 4416
2133 7232718 25651
2134 7258369 3740
2135 7262109 5130
2136 7267239 8350
2137 7275589 9735
2138 7285324 4617
2139 7289941 9568
2140 7299509 12711
2141 7312220 4656
2142 7316876 10911
2143 7327787 6244
2144 7334031 5099
2145 7339130 1750
2146 7340880 3808
2147 7344688 4761
2148 7349449 3704
2149 7353153 10671
2150 7363824 9846
2151 7373670 6770
2152 7380440 6036
2153 7386476 6544
2154 7393020 5772
2155 7398792 4067
2156 7402859 3895
2157 7406754 3474
2158 7410228 3838
2159 7414066 3326
2160 7417392 12190
2161 7429582 12811
2162 7442393 4223
2163 7446616 2855
2164 7449471 5560
2165 7455031 15835
2166 7470866 4269
2167 7475135 721
2168 7475856 1203
2169 7477059 4384
2170 7481443 4362
2171 7485805 2086
2172 7487891 12950
2173 7500841 6696
2174 7507537 8781
2175 7516318 7698
2176 7524016 10657
2177 7534673 211
2178 7534884 6960
2179 7541844 8928
2180 7550772 2338
2181 7553110 8119
2182 7561229 8255
2183 7569484 3891
2184 7573375 5726
2185 7579101 10217
2186 7589318 2545
2187 7591863 13589
2188 7605452 4663
2189 7610115 527
2190 7610642 1534
2191 7612176 3078
2192 7615254 1950
2193 7617204 1561
2194 7618765 2557
2195 7621322 2005
2196 7623327 3737
2197 7627064 942
2198 7628006 1210
2199 7629216 1920
2200 7631136 1439
2201 7632575 3799
2202 7636374 5689
2203 7642063 2232
2204 7644295 2893
2205 7647188 1501
2206 7648689 5744
2207 7654433 2655
2208 7657088 1285
2209 7658373 1266
2210 7659639 1337
2211 7660976 7851
2212 7668827 1714
2213 7670541 2818
2214 7673359 1239
2215 7674598 1435
2216 7676033 5101
2217 7681134 3034
2218 7684168 1298
2219 7685466 2776
2220 7688242 1442
2221 7689684 932
2222 7690616 2754
2223 7693370 1497
2224 7694867 909
2225 7695776 2946
2226 7698722 1228
2227 7699950 8704
2228 7708654 2608
2229 7711262 1626
2230 7712888 2222
2231 7715110 1987
2232 7717097 6220
2233 7723317 2073
2234 7725390 1569
2235 7726959 3134
2236 7730093 4036
2237 7734129 2678
2238 7736807 2880
2239 7739687 1039
2240 7740726 1421
2241 7742147 5478
2242 7747625 1649
2243 7749274 3589
2244 7752863 2057
2245 7754920 5759
2246 7760679 6723
2247 7767402 1197
2248 7768599 1482
2249 7770081 361
2250 7770442 2186
2251 7772628 2922
2252 7775550 1219
2253 7776769 912
2254 7777681 1859
2255 7779540 2963
2256 7782503 6848
2257 7789351 2656
2258 7792007 1563
2259 7793570 1766
2260 7795336 1695
2261 7797031 962
2262 7797993 8877
2263 7806870 5552
2264 7812422 5612
2265 7818034 5435
2266 7823469 6650
2267 7830119 2068
2268 7832187 19328
2269 7851515 7637
2270 7859152 1815
2271 7860967 1233
2272 7862200 2990
2273 7865190 1849
2274 7867039 2687
2275 7869726 4168
2276 7873894 1414
2277 7875308 590
2278 7875898 6521
2279 7882419 2404
2280 7884823 1825
2281 7886648 3338
2282 7889986 1884
2283 7891870 13559
2284 7905429 540
2285 7905969 1557
2286 7907526 3032
2287 7910558 2369
2288 7912927 2841
2289 7915768 18286
2290 7934054 3137
2291 7937191 5159
2292 7942350 5545
2293 7947895 4673
2294 7952568 5507
2295 7958075 1866
2296 7959941 3827
2297 7963768 6032
2298 7969800 2469
2299 7972269 4413
2300 7976682 972
2301 7977654 793
2302 7978447 4149
2303 7982596 2645
2304 7985241 2954
2305 7988195 1241
2306 7989436 1932
2307 7991368 2308
2308 7993676 2692
2309 7996368 2276
2310 7998644 1286
2311 7999930 4662
2312 8004592 4539
2313 8009131 3539
2314 8012670 3101
2315 8015771 4087
2316 8019858 4413
2317 8024271 2765
2318 8027036 3811
2319 8030847 2308
2320 8033155 1741
2321 8034896 2240
2322 8037136 20414
2323 8057550 3252
2324 8060802 4075
2325 8064877 1918
2326 8066795 8663
2327 8075458 2649
2328 8078107 5267
2329 8083374 5319
2330 8088693 3661
2331 8092354 4134
2332 8096488 5896
2333 8102384 3024
2334 8105408 5437
2335 8110845 1738
2336 8112583 2618
2337 8115201 5016
2338 8120217 4772
2339 8124989 3306
2340 8128295 5393
2341 8133688 5474
2342 8139162 4273
2343 8143435 2529
2344 8145964 4404
2345 8150368 7363
2346 8157731 183
2347 8157914 4715
2348 8162629 168
2349 8162797 907
2350 8163704 796
2351 8164500 2231
2352 8166731 1770
2353 8168501 942
2354 8169443 1832
2355 8171275 12072
2356 8183347 4415
2357 8187762 6849
2358 8194611 9931
2359 8204542 1117
2360 8205659 3361
2361 8209020 1401
2362 8210421 3503
2363 8213924 5341
2364 8219265 4659
2365 8223924 5516
2366 8229440 2571
2367 8232011 1533
2368 8233544 3298
2369 8236842 1870
2370 8238712 3253
2371 8241965 5057
2372 8247022 2063
2373 8249085 5784
2374 8254869 2301
2375 8257170 4202
2376 8261372 4894
2377 8266266 1038
2378 8267304 1094
2379 8268398 2164
2380 8270562 1939
2381 8272501 6183
2382 8278684 635
2383 8279319 3082
2384 8282401 1228
2385 8283629 2304
2386 8285933 1119
2387 8287052 3481
2388 8290533 4095
2389 8294628 4333
2390 8298961 6261
2391 8305222 3752
2392 8308974 727
2393 8309701 4275
2394 8313976 4079
2395 8318055 548
2396 8318603 1010
2397 8319613 1593
2398 8321206 3659
2399 8324865 3590
2400 8328455 4794
2401 8333249 2698
2402 8335947 2081
2403 8338028 3133
2404 8341161 811
2405 8341972 3149
2406 8345121 2392
2407 8347513 2691
2408 8350204 2554
2409 8352758 4020
2410 8356778 2045
2411 8358823 1862
2412 8360685 4423
2413 8365108 1431
2414 8366539 4398
2415 8370937 3881
2416 8374818 5664
2417 8380482 4506
2418 8384988 6417
2419 8391405 2539
2420 8393944 3446
2421 8397390 2711
2422 8400101 780
2423 8400881 9058
2424 8409939 2211
2425 8412150 2523
2426 8414673 2399
2427 8417072 1356
2428 8418428 2948
2429 8421376 10114
2430 8431490 1285
2431 8432775 3962
2432 8436737 1121
2433 8437858 463
2434 8438321 10749
2435 8449070 1840
2436 8450910 3355
2437 8454265 3330
2438 8457595 3557
2439 8461152 9662
2440 8470814 2192
2441 8473006 1117
2442 8474123 784
2443 8474907 1062
2444 8475969 1837
2445 8477806 8503
2446 8486309 3445
2447 8489754 6320
2448 8496074 4793
2449 8500867 5590
2450 8506457 1713
2451 8508170 5352
2452 8513522 1697
2453 8515219 1734
2454 8516953 6824
2455 8523777 2763
2456 8526540 1503
2457 8528043 2070
2458 8530113 2587
2459 8532700 2581
2460 8535281 3752
2461 8539033 3759
2462 8542792 2427
2463 8545219 2052
2464 8547271 2520
2465 8549791 3442
2466 8553233 2470
2467 8555703 2522
2468 8558225 20144
2469 8578369 8414
2470 8586783 4387
2471 8591170 4492
2472 8595662 4161
2473 8599823 1559
2474 8601382 4503
2475 8605885 1389
2476 8607274 1207
2477 8608481 1505
2478 8609986 7456
2479 8617442 2197
2480 8619639 18043
2481 8637682 8894
2482 8646576 5693
2483 8652269 4042
2484 8656311 3564
2485 8659875 2063
2486 8661938 16398
2487 8678336 4477
2488 8682813 1167
2489 8683980 1939
2490 8685919 1368
2491 8687287 8208
2492 8695495 5189
2493 8700684 6862
2494 8707546 1853
2495 8709399 8129
2496 8717528 7530
2497 8725058 8469
2498 8733527 4958
2499 8738485 6689
2500 8745174 15108
2501 8760282 7575
2502 8767857 5099
2503 8772956 1396
2504 8774352 1601
2505 8775953 2179
2506 8778132 1373
2507 8779505 836
2508 8780341 6352
2509 8786693 2145
2510 8788838 8248
2511 8797086 4235
2512 8801321 1886
2513 8803207 5255
2514 8808462 5488
2515 8813950 9134
2516 8823084 4710
2517 8827794 9563
2518 8837357 3790
2519 8841147 1100
2520 8842247 1456
2521 8843703 1376
2522 8845079 9071
2523 8854150 313
2524 8854463 1740
2525 8856203 786
2526 8856989 1457
2527 8858446 12485
2528 8870931 8051
2529 8878982 4096
2530 8883078 5019
2531 8888097 4424
2532 8892521 8899
2533 8901420 2244
2534 8903664 5382
2535 8909046 2944
2536 8911990 3122
2537 8915112 1691
2538 8916803 8089
2539 8924892 3707
2540 8928599 14201
2541 8942800 3305
2542 8946105 3895
2543 8950000 4330
2544 8954330 11610
2545 8965940 956
2546 8966896 7950
2547 8974846 6218
2548 8981064 801
2549 8981865 5648
2550 8987513 15798
2551 9003311 936
2552 9004247 6033
2553 9010280 706
2554 9010986 5240
2555 9016226 7797
2556 9024023 1455
2557 9025478 4369
2558 9029847 721
2559 9030568 8864
2560 9039432 1376
2561 9040808 1969
2562 9042777 3138
2563 9045915 2438
2564 9048353 7725
2565 9056078 2652
2566 9058730 2017
2567 9060747 6169
2568 9066916 4226
2569 9071142 4354
2570 9075496 3717
2571 9079213 6829
2572 9086042 3595
2573 9089637 3287
2574 9092924 4607
2575 9097531 5247
2576 9102778 4440
2577 9107218 3408
2578 9110626 4114
2579 9114740 1148
2580 9115888 7911
2581 9123799 4564
2582 9128363 4375
2583 9132738 4369
2584 9137107 4082
2585 9141189 5543
2586 9146732 7755
2587 9154487 2343
2588 9156830 2132
2589 9158962 2941
2590 9161903 2939
2591 9164842 4599
2592 9169441 5406
2593 9174847 3157
2594 9178004 4083
2595 9182087 5407
2596 9187494 4674
2597 9192168 5093
2598 9197261 2489
2599 9199750 2727
2600 9202477 2965
2601 9205442 8212
2602 9213654 1237
2603 9214891 779
2604 9215670 193
2605 9215863 4141
2606 9220004 3327
2607 9223331 1549
2608 9224880 9895
2609 9234775 3032
2610 9237807 8701
2611 9246508 3964
2612 9250472 5213
2613 9255685 4904
2614 9260589 8544
2615 9269133 4774
2616 9273907 3914
2617 9277821 530
2618 9278351 4677
2619 9283028 4363
2620 9287391 3796
2621 9291187 5806
2622 9296993 7197
2623 9304190 6429
2624 9310619 2566
2625 9313185 3344
2626 9316529 970
2627 9317499 22819
2628 9340318 18494
2629 9358812 2583
2630 9361395 8416
2631 9369811 1651
2632 9371462 2394
2633 9373856 7093
2634 9380949 3324
2635 9384273 10939
2636 9395212 2877
2637 9398089 3500
2638 9401589 3219
2639 9404808 4813
2640 9409621 7227
2641 9416848 6878
2642 9423726 6163
2643 9429889 1069
2644 9430958 2786
2645 9433744 3439
2646 9437183 1056
2647 9438239 2445
2648 9440684 1559
2649 9442243 6273
2650 9448516 13534
2651 9462050 2101
2652 9464151 12864
2653 9477015 6428
2654 9483443 2877
2655 9486320 5019
2656 9491339 1959
2657 9493298 9007
2658 9502305 6541
2659 9508846 2477
2660 9511323 6358
2661 9517681 206
2662 9517887 168
2663 9518055 196
2664 9518251 168
2665 9518419 622
2666 9519041 655
2667 9519696 629
2668 9520325 674
2669 9520999 656
2670 9521655 632
2671 9522287 181
2672 9522468 580
2673 9523048 550
2674 9523598 688
2675 9524286 222
2676 9524508 168
2677 9524676 657
2678 9525333 162
2679 9525495 668
2680 9526163 639
2681 9526802 634
2682 9527436 637
2683 9528073 637
2684 9528710 637
2685 9529347 634
2686 9529981 628
2687 9530609 183
2688 9530792 655
2689 9531447 638
2690 9532085 551
2691 9532636 171
2692 9532807 629
2693 9533436 211
2694 9533647 684
2695 9534331 212
2696 9534543 627
2697 9535170 183
2698 9535353 672
2699 9536025 649
2700 9536674 432
2701 9537106 641
2702 9537747 208
2703 9537955 635
2704 9538590 635
2705 9539225 656
2706 9539881 677
2707 9540558 633
2708 9541191 630
2709 9541821 212
2710 9542033 334
2711 9542367 202
2712 9542569 655
2713 9543224 640
2714 9543864 217
2715 9544081 626
2716 9544707 170
2717 9544877 673
2718 9545550 551
2719 9546101 170
2720 9546271 188
2721 9546459 181
2722 9546640 208
2723 9546848 631
2724 9547479 659
2725 9548138 671
2726 9548809 667
2727 9549476 635
2728 9550111 213
2729 9550324 199
2730 9550523 292
2731 9550815 182
2732 9550997 655
2733 9551652 638
2734 9552290 208
2735 9552498 664
2736 9553162 170
2737 9553332 259
2738 9553591 190
2739 9553781 233
2740 9554014 657
2741 9554671 630
2742 9555301 635
2743 9555936 630
2744 9556566 634
2745 9557200 179
2746 9557379 652
2747 9558031 210
2748 9558241 192
2749 9558433 656
2750 9559089 636
2751 9559725 652
2752 9560377 202
2753 9560579 654
2754 9561233 184
2755 9561417 629
2756 9562046 188
2757 9562234 629
2758 9562863 658
2759 9563521 621
2760 9564142 196
2761 9564338 629
2762 9564967 619
2763 9565586 623
2764 9566209 625
2765 9566834 633
2766 9567467 642
2767 9568109 634
2768 9568743 657
2769 9569400 183
2770 9569583 578
2771 9570161 190
2772 9570351 640
2773 9570991 623
2774 9571614 635
2775 9572249 653
2776 9572902 633
2777 9573535 635
2778 9574170 633
2779 9574803 212
2780 9575015 631
2781 9575646 665
2782 9576311 168
2783 9576479 643
2784 9577122 653
2785 9577775 666
2786 9578441 666
2787 9579107 169
2788 9579276 623
2789 9579899 207
2790 9580106 181
2791 9580287 187
2792 9580474 181
2793 9580655 615
2794 9581270 627
2795 9581897 633
2796 9582530 643
2797 9583173 636
2798 9583809 638
2799 9584447 182
2800 9584629 578
2801 9585207 653
2802 9585860 169
2803 9586029 627
2804 9586656 184
2805 9586840 637
2806 9587477 624
2807 9588101 653
2808 9588754 212
2809 9588966 628
2810 9589594 180
2811 9589774 641
2812 9590415 653
2813 9591068 207
2814 9591275 181
2815 9591456 162
2816 9591618 181
2817 9591799 616
2818 9592415 627
2819 9593042 634
2820 9593676 645
2821 9594321 637
2822 9594958 632
2823 9595590 182
2824 9595772 580
2825 9596352 650
2826 9597002 205
2827 9597207 639
2828 9597846 622
2829 9598468 653
2830 9599121 274
2831 9599395 629
2832 9600024 169
2833 9600193 642
2834 9600835 209
2835 9601044 162
2836 9601206 643
2837 9601849 652
2838 9602501 184
2839 9602685 202
2840 9602887 184
2841 9603071 196
2842 9603267 184
2843 9603451 178
2844 9603629 184
2845 9603813 181
2846 9603994 196
2847 9604190 190
2848 9604380 605
2849 9604985 181
2850 9605166 577
2851 9605743 211
2852 9605954 634
2853 9606588 635
2854 9607223 620
2855 9607843 627
2856 9608470 635
2857 9609105 642
2858 9609747 635
2859 9610382 631
2860 9611013 179
2861 9611192 637
2862 9611829 624
2863 9612453 652
2864 9613105 652
2865 9613757 211
2866 9613968 626
2867 9614594 629
2868 9615223 189
2869 9615412 183
2870 9615595 163
2871 9615758 645
2872 9616403 652
2873 9617055 190
2874 9617245 162
2875 9617407 181
2876 9617588 206
2877 9617794 617
2878 9618411 630
2879 9619041 645
2880 9619686 634
2881 9620320 630
2882 9620950 175
2883 9621125 652
2884 9621777 195
2885 9621972 635
2886 9622607 620
2887 9623227 221
2888 9623448 625
2889 9624073 202
2890 9624275 643
2891 9624918 169
2892 9625087 645
2893 9625732 167
2894 9625899 625
2895 9626524 188
2896 9626712 174
2897 9626886 156
2898 9627042 206
2899 9627248 630
2900 9627878 634
2901 9628512 646
2902 9629158 636
2903 9629794 632
2904 9630426 181
2905 9630607 690
2906 9631297 221
2907 9631518 637
2908 9632155 624
2909 9632779 192
2910 9632971 183
2911 9633154 179
2912 9633333 681
2913 9634014 673
2914 9634687 229
2915 9634916 626
2916 9635542 183
2917 9635725 203
2918 9635928 645
2919 9636573 661
2920 9637234 627
2921 9637861 634
2922 9638495 632
2923 9639127 620
2924 9639747 630
2925 9640377 646
2926 9641023 635
2927 9641658 664
2928 9642322 169
2929 9642491 186
2930 9642677 623
2931 9643300 184
2932 9643484 646
2933 9644130 638
2934 9644768 623
2935 9645391 660
2936 9646051 211
2937 9646262 169
2938 9646431 645
2939 9647076 230
2940 9647306 156
2941 9647462 220
2942 9647682 156
2943 9647838 615
2944 9648453 629
2945 9649082 634
2946 9649716 638
2947 9650354 638
2948 9650992 181
2949 9651173 187
2950 9651360 637
2951 9651997 622
2952 9652619 248
2953 9652867 171
2954 9653038 174
2955 9653212 199
2956 9653411 622
2957 9654033 169
2958 9654202 644
2959 9654846 216
2960 9655062 223
2961 9655285 613
2962 9655898 175
2963 9656073 183
2964 9656256 163
2965 9656419 193
2966 9656612 638
2967 9657250 637
2968 9657887 638
2969 9658525 206
2970 9658731 617
2971 9659348 631
2972 9659979 635
2973 9660614 645
2974 9661259 635
2975 9661894 664
2976 9662558 183
2977 9662741 636
2978 9663377 622
2979 9663999 240
2980 9664239 689
2981 9664928 611
2982 9665539 192
2983 9665731 637
2984 9666368 233
2985 9666601 676
2986 9667277 211
2987 9667488 629
2988 9668117 169
2989 9668286 646
2990 9668932 178
2991 9669110 180
2992 9669290 614
2993 9669904 208
2994 9670112 631
2995 9670743 634
2996 9671377 616
2997 9671993 630
2998 9672623 635
2999 9673258 646
3000 9673904 632
3001 9674536 687
3002 9675223 182
3003 9675405 183
3004 9675588 638
3005 9676226 621
3006 9676847 232
3007 9677079 231
3008 9677310 633
3009 9677943 188
3010 9678131 642
3011 9678773 652
3012 9679425 205
3013 9679630 208
3014 9679838 220
3015 9680058 214
3016 9680272 208
3017 9680480 616
3018 9681096 630
3019 9681726 629
3020 9682355 642
3021 9682997 638
3022 9683635 651
3023 9684286 188
3024 9684474 646
3025 9685120 198
3026 9685318 637
3027 9685955 620
3028 9686575 198
3029 9686773 181
3030 9686954 259
3031 9687213 641
3032 9687854 203
3033 9688057 657
3034 9688714 654
3035 9689368 221
3036 9689589 660
3037 9690249 642
3038 9690891 619
3039 9691510 191
3040 9691701 638
3041 9692339 228
3042 9692567 619
3043 9693186 182
3044 9693368 625
3045 9693993 654
3046 9694647 186
3047 9694833 192
3048 9695025 180
3049 9695205 225
3050 9695430 635
3051 9696065 695
3052 9696760 637
3053 9697397 655
3054 9698052 646
3055 9698698 3749
3056 9702447 1649
3057 9704096 2693
3058 9706789 2679
3059 9709468 520
3060 9709988 4137
3061 9714125 6050
3062 9720175 1740
3063 9721915 3557
3064 9725472 2451
3065 9727923 5744
3066 9733667 4915
3067 9738582 912
3068 9739494 1274
3069 9740768 2034
3070 9742802 4051
3071 9746853 3491
3072 9750344 601
3073 9750945 4036
3074 9754981 2892
3075 9757873 2843
3076 9760716 3482
3077 9764198 5586
3078 9769784 4630
3079 9774414 5061
3080 9779475 2706
3081 9782181 9094
3082 9791275 9331
3083 9800606 5526
3084 9806132 2028
3085 9808160 7326
3086 9815486 2572
3087 9818058 8318
3088 9826376 1311
3089 9827687 1883
3090 9829570 3079
3091 9832649 4503
3092 9837152 2021
3093 9839173 1207
3094 9840380 1222
3095 9841602 5256
3096 9846858 2784
3097 9849642 4013
3098 9853655 1142
3099 9854797 2023
3100 9856820 1341
3101 9858161 2893
3102 9861054 1589
3103 9862643 748
3104 9863391 542
3105 9863933 871
3106 9864804 681
3107 9865485 543
3108 9866028 577
3109 9866605 1348
3110 9867953 3517
3111 9871470 3728
3112 9875198 520
3113 9875718 2083
3114 9877801 1338
3115 9879139 3357
3116 9882496 3252
3117 9885748 5307
3118 9891055 3013
3119 9894068 3780
3120 9897848 3257
3121 9901105 3046
3122 9904151 1950
3123 9906101 3205
3124 9909306 213
3125 9909519 1940
3126 9911459 10008
3127 9921467 3821
3128 9925288 3431
3129 9928719 4205
3130 9932924 1524
3131 9934448 1463
3132 9935911 2356
3133 9938267 1955
3134 9940222 3095
3135 9943317 2388
3136 9945705 2693
3137 9948398 741
3138 9949139 5927
3139 9955066 3310
3140 9958376 8906
3141 9967282 3999
3142 9971281 2016
3143 9973297 3398
3144 9976695 7533
3145 9984228 2622
3146 9986850 2716
3147 9989566 9575
3148 9999141 19134
3149 10018275 3104
3150 10021379 2747
3151 10024126 5342
3152 10029468 2251
3153 10031719 4251
3154 10035970 6584
3155 10042554 966
3156 10043520 4875
3157 10048395 8292
3158 10056687 5332
3159 10062019 6625
3160 10068644 930
3161 10069574 3774
3162 10073348 2942
3163 10076290 3581
3164 10079871 2545
3165 10082416 3660
3166 10086076 4674
3167 10090750 9559
3168 10100309 9567
3169 10109876 11487
3170 10121363 2158
3171 10123521 4785
3172 10128306 2870
3173 10131176 1651
3174 10132827 5767
3175 10138594 2034
3176 10140628 1928
3177 10142556 8337
3178 10150893 8751
3179 10159644 2757
3180 10162401 4469
3181 10166870 3137
3182 10170007 1958
3183 10171965 10594
3184 10182559 6268
3185 10188827 4936
3186 10193763 5284
3187 10199047 1335
3188 10200382 1863
3189 10202245 3590
3190 10205835 201
3191 10206036 3692
3192 10209728 2541
3193 10212269 7643
3194 10219912 6964
3195 10226876 6443
3196 10233319 8744
3197 10242063 3150
3198 10245213 2815
3199 10248028 1855
3200 10249883 7024
3201 10256907 3424
3202 10260331 2655
3203 10262986 1183
3204 10264169 11571
3205 10275740 10797
3206 10286537 9808
3207 10296345 6879
3208 10303224 8853
3209 10312077 2301
3210 10314378 532
3211 10314910 2771
3212 10317681 635
3213 10318316 6355
3214 10324671 4278
3215 10328949 2314
3216 10331263 9125
3217 10340388 6487
3218 10346875 1570
3219 10348445 7380
3220 10355825 2739
3221 10358564 7653
3222 10366217 4465
3223 10370682 2929
3224 10373611 6282
3225 10379893 9220
3226 10389113 2971
3227 10392084 4369
3228 10396453 3877
3229 10400330 1726
3230 10402056 6494
3231 10408550 5442
3232 10413992 5208
3233 10419200 7991
3234 10427191 1852
3235 10429043 2828
3236 10431871 1581
3237 10433452 3048
3238 10436500 1107
3239 10437607 589
3240 10438196 1395
3241 10439591 1641
3242 10441232 1584
3243 10442816 8824
3244 10451640 7745
3245 10459385 4109
3246 10463494 2936
3247 10466430 627
3248 10467057 7705
3249 10474762 4035
3250 10478797 12420
3251 10491217 4910
3252 10496127 2539
3253 10498666 3915
3254 10502581 16249
3255 10518830 6250
3256 10525080 2636
3257 10527716 321
3258 10528037 2342
3259 10530379 3850
3260 10534229 2804
3261 10537033 13489
3262 10550522 7870
3263 10558392 1925
3264 10560317 2796
3265 10563113 1947
3266 10565060 1865
3267 10566925 3455
3268 10570380 2226
3269 10572606 3043
3270 10575649 2007
3271 10577656 1845
3272 10579501 2207
3273 10581708 2921
3274 10584629 2842
3275 10587471 1946
3276 10589417 2592
3277 10592009 3317
3278 10595326 2184
3279 10597510 1927
3280 10599437 1790
3281 10601227 2102
3282 10603329 4471
3283 10607800 3896
3284 10611696 3776
3285 10615472 2989
3286 10618461 2468
3287 10620929 2583
3288 10623512 2348
3289 10625860 2389
3290 10628249 336
3291 10628585 5839
3292 10634424 9888
3293 10644312 2801
3294 10647113 966
3295 10648079 4440
3296 10652519 7140
3297 10659659 321
3298 10659980 3182
3299 10663162 2664
3300 10665826 2395
3301 10668221 2614
3302 10670835 3559
3303 10674394 4344
3304 10678738 2598
3305 10681336 4972
3306 10686308 2734
3307 10689042 8218
3308 10697260 2751
3309 10700011 6252
3310 10706263 2451
3311 10708714 1235
3312 10709949 17716
3313 10727665 9795
3314 10737460 2954
3315 10740414 3240
3316 10743654 5863
3317 10749517 3463
3318 10752980 1941
3319 10754921 3061
3320 10757982 4476
3321 10762458 4328
3322 10766786 3695
3323 10770481 2986
3324 10773467 24386
3325 10797853 11227
3326 10809080 16205
3327 10825285 30520
3328 10855805 3776
3329 10859581 3673
3330 10863254 2012
3331 10865266 3220
3332 10868486 2866
3333 10871352 7533
3334 10878885 433
3335 10879318 539
3336 10879857 11167
3337 10891024 4477
3338 10895501 8972
3339 10904473 3409
3340 10907882 2054
3341 10909936 2003
3342 10911939 7113
3343 10919052 6423
3344 10925475 2248
3345 10927723 14865
3346 10942588 6402
3347 10948990 1332
3348 10950322 1980
3349 10952302 2940
3350 10955242 2588
3351 10957830 2136
3352 10959966 1593
3353 10961559 754
3354 10962313 1392
3355 10963705 744
3356 10964449 394
3357 10964843 3985
3358 10968828 3052
3359 10971880 4155
3360 10976035 7550
3361 10983585 5410
3362 10988995 1373
3363 10990368 1175
3364 10991543 937
3365 10992480 1866
3366 10994346 2431
3367 10996777 5476
3368 11002253 2514
3369 11004767 8056
3370 11012823 2458
3371 11015281 923
3372 11016204 852
3373 11017056 1640
3374 11018696 2244
3375 11020940 7266
3376 11028206 1640
3377 11029846 4753
3378 11034599 2463
3379 11037062 3637
3380 11040699 2682
3381 11043381 6922
3382 11050303 2309
3383 11052612 3012
3384 11055624 4584
3385 11060208 2530
3386 11062738 2884
3387 11065622 1915
3388 11067537 1281
3389 11068818 4727
3390 11073545 1642
3391 11075187 1021
3392 11076208 1605
3393 11077813 1808
3394 11079621 4603
3395 11084224 1680
3396 11085904 2695
3397 11088599 9298
3398 11097897 1886
3399 11099783 2637
3400 11102420 3544
3401 11105964 6132
3402 11112096 3375
3403 11115471 2960
3404 11118431 7846
3405 11126277 1742
3406 11128019 2209
3407 11130228 1654
3408 11131882 970
3409 11132852 1689
3410 11134541 1789
3411 11136330 7351
3412 11143681 3140
3413 11146821 1687
3414 11148508 1418
3415 11149926 7661
3416 11157587 1997
3417 11159584 2122
3418 11161706 1791
3419 11163497 1687
3420 11165184 2085
3421 11167269 1167
3422 11168436 5028
3423 11173464 9643
3424 11183107 1652
3425 11184759 751
3426 11185510 736
3427 11186246 2918
3428 11189164 1872
3429 11191036 2310
3430 11193346 3180
3431 11196526 2890
3432 11199416 2942
3433 11202358 3014
3434 11205372 2453
3435 11207825 2476
3436 11210301 2545
3437 11212846 862
3438 11213708 1599
3439 11215307 5837
3440 11221144 2593
3441 11223737 1283
3442 11225020 2047
3443 11227067 1570
3444 11228637 2894
3445 11231531 5809
3446 11237340 1210
3447 11238550 2829
3448 11241379 1859
3449 11243238 1252
3450 11244490 1136
3451 11245626 1793
3452 11247419 5979
3453 11253398 1804
3454 11255202 3455
3455 11258657 1608
3456 11260265 619
3457 11260884 2711
3458 11263595 914
3459 11264509 5770
3460 11270279 5222
3461 11275501 1628
3462 11277129 779
3463 11277908 808
3464 11278716 2492
3465 11281208 5807
3466 11287015 3734
3467 11290749 3672
3468 11294421 3849
3469 11298270 3756
3470 11302026 3795
3471 11305821 637
3472 11306458 5781
3473 11312239 693
3474 11312932 2812
3475 11315744 2867
3476 11318611 1100
3477 11319711 1285
3478 11320996 7534
3479 11328530 1490
3480 11330020 2288
3481 11332308 2095
3482 11334403 1458
3483 11335861 971
3484 11336832 1704
3485 11338536 2622
3486 11341158 1915
3487 11343073 16930
3488 11360003 1551
3489 11361554 4833
3490 11366387 2113
3491 11368500 2807
3492 11371307 6229
3493 11377536 544
3494 11378080 4028
3495 11382108 2026
3496 11384134 1220
3497 11385354 4614
3498 11389968 855
3499 11390823 2121
3500 11392944 1896
3501 11394840 4144
3502 11398984 4686
3503 11403670 9191
3504 11412861 4108
3505 11416969 2704
3506 11419673 846
3507 11420519 811
3508 11421330 920
3509 11422250 1062
3510 11423312 8519
3511 11431831 4231
3512 11436062 12724
3513 11448786 4540
3514 11453326 2377
3515 11455703 2424
3516 11458127 666
3517 11458793 1357
3518 11460150 9985
3519 11470135 21565
3520 11491700 874
3521 11492574 3514
3522 11496088 1421
3523 11497509 1066
3524 11498575 5702
3525 11504277 1211
3526 11505488 932
3527 11506420 10779
3528 11517199 1356
3529 11518555 17536
3530 11536091 9466
3531 11545557 2844
3532 11548401 1377
3533 11549778 4569
3534 11554347 5956
3535 11560303 1065
3536 11561368 917
3537 11562285 2297
3538 11564582 8171
3539 11572753 3248
3540 11576001 1855
3541 11577856 533
3542 11578389 1556
3543 11579945 2267
3544 11582212 5942
3545 11588154 1338
3546 11589492 3168
3547 11592660 1248
3548 11593908 1322
3549 11595230 1108
3550 11596338 5520
3551 11601858 944
3552 11602802 4369
3553 11607171 352
3554 11607523 8873
3555 11616396 3590
3556 11619986 1606
3557 11621592 1346
3558 11622938 6326
3559 11629264 4034
3560 11633298 1268
3561 11634566 2921
3562 11637487 2656
3563 11640143 1775
3564 11641918 4081
3565 11645999 12821
3566 11658820 1482
3567 11660302 3983
3568 11664285 3587
3569 11667872 1372
3570 11669244 1095
3571 11670339 3958
3572 11674297 6872
3573 11681169 1581
3574 11682750 1513
3575 11684263 1451
3576 11685714 2415
3577 11688129 2148
3578 11690277 1754
3579 11692031 1771
3580 11693802 1162
3581 11694964 1643
3582 11696607 811
3583 11697418 7017
3584 11704435 8058
3585 11712493 1484
3586 11713977 1090
3587 11715067 4666
3588 11719733 2429
3589 11722162 1172
3590 11723334 6432
3591 11729766 1767
3592 11731533 7477
3593 11739010 2160
3594 11741170 6394
3595 11747564 3978
3596 11751542 1398
3597 11752940 8330
3598 11761270 6827
3599 11768097 9444
3600 11777541 3615
3601 11781156 2222
3602 11783378 3396
3603 11786774 4702
3604 11791476 1674
3605 11793150 5571
3606 11798721 2553
3607 11801274 8502
3608 11809776 7312
3609 11817088 2417
3610 11819505 1467
3611 11820972 1646
3612 11822618 2677
3613 11825295 2579
3614 11827874 2254
3615 11830128 3066
3616 11833194 2073
3617 11835267 2989
3618 11838256 6864
3619 11845120 6349
3620 11851469 6836
3621 11858305 6703
3622 11865008 3944
3623 11868952 8041
3624 11876993 7690
3625 11884683 3122
3626 11887805 1803
3627 11889608 2985
3628 11892593 1607
3629 11894200 3028
3630 11897228 3440
3631 11900668 1862
3632 11902530 1531
3633 11904061 4756
3634 11908817 1743
3635 11910560 1526
3636 11912086 2466
3637 11914552 3620
3638 11918172 2068
3639 11920240 1464
3640 11921704 2808
3641 11924512 7762
3642 11932274 3329
3643 11935603 3606
3644 11939209 8863
3645 11948072 3732
3646 11951804 2811
3647 11954615 2196
3648 11956811 3551
3649 11960362 3490
3650 11963852 2078
3651 11965930 1588
3652 11967518 1799
3653 11969317 6336
3654 11975653 3193
3655 11978846 2238
3656 11981084 1861
3657 11982945 3417
3658 11986362 5503
3659 11991865 2004
3660 11993869 4124
3661 11997993 2715
3662 12000708 3737
3663 12004445 1756
3664 12006201 1538
3665 12007739 1535
3666 12009274 1623
3667 12010897 3617
3668 12014514 2725
3669 12017239 3959
3670 12021198 2374
3671 12023572 2393
3672 12025965 2574
3673 12028539 2375
3674 12030914 2483
3675 12033397 21961
3676 12055358 3204
3677 12058562 3593
3678 12062155 6296
3679 12068451 3088
3680 12071539 3298
3681 12074837 3409
3682 12078246 5191
3683 12083437 1609
3684 12085046 2590
3685 12087636 3412
3686 12091048 2451
3687 12093499 1083
3688 12094582 2360
3689 12096942 5072
3690 12102014 4206
3691 12106220 3768
3692 12109988 2638
3693 12112626 5406
3694 12118032 2527
3695 12120559 3767
3696 12124326 1101
3697 12125427 5296
3698 12130723 1450
3699 12132173 1220
3700 12133393 2045
3701 12135438 7402
3702 12142840 3323
3703 12146163 2537
3704 12148700 2139
3705 12150839 1006
3706 12151845 5405
3707 12157250 1968
3708 12159218 1501
3709 12160719 1853
3710 12162572 1172
3711 12163744 1179
3712 12164923 6859
3713 12171782 3752
3714 12175534 1024
3715 12176558 2469
3716 12179027 2226
3717 12181253 3226
3718 12184479 2583
3719 12187062 29681
3720 12216743 1098
3721 12217841 1746
3722 12219587 5099
3723 12224686 1254
3724 12225940 1650
3725 12227590 1731
3726 12229321 2415
3727 12231736 1678
3728 12233414 1584
3729 12234998 2625
3730 12237623 3229
3731 12240852 4632
3732 12245484 1785
3733 12247269 959
3734 12248228 1496
3735 12249724 2053
3736 12251777 1529
3737 12253306 1799
3738 12255105 1291
3739 12256396 1903
3740 12258299 1634
3741 12259933 860
3742 12260793 2718
3743 12263511 1871
3744 12265382 6102
3745 12271484 2738
3746 12274222 1402
3747 12275624 1207
3748 12276831 2688
3749 12279519 1457
3750 12280976 2314
3751 12283290 1469
3752 12284759 1341
3753 12286100 2191
3754 12288291 1524
3755 12289815 1714
3756 12291529 5254
3757 12296783 2599
3758 12299382 5569
3759 12304951 1677
3760 12306628 1317
3761 12307945 2985
3762 12310930 1604
3763 12312534 2784
3764 12315318 1297
3765 12316615 867
3766 12317482 1602
3767 12319084 3993
3768 12323077 3233
3769 12326310 2992
3770 12329302 3364
3771 12332666 2711
3772 12335377 1409
3773 12336786 1375
3774 12338161 891
3775 12339052 2168
3776 12341220 1632
3777 12342852 1097
3778 12343949 3317
3779 12347266 3188
3780 12350454 3799
3781 12354253 1767
3782 12356020 4885
3783 12360905 1784
3784 12362689 975
3785 12363664 1276
3786 12364940 991
3787 12365931 1173
3788 12367104 5054
3789 12372158 2278
3790 12374436 1854
3791 12376290 1136
3792 12377426 1299
3793 12378725 1241
3794 12379966 4170
3795 12384136 1507
3796 12385643 2685
3797 12388328 2140
3798 12390468 1103
3799 12391571 1838
3800 12393409 4983
3801 12398392 2335
3802 12400727 6365
3803 12407092 3587
3804 12410679 6830
3805 12417509 10111
3806 12427620 2179
3807 12429799 3670
3808 12433469 2331
3809 12435800 3703
3810 12439503 2949
3811 12442452 3735
3812 12446187 1629
3813 12447816 10101
3814 12457917 2148
3815 12460065 4958
3816 12465023 2424
3817 12467447 1521
3818 12468968 7919
3819 12476887 6742
3820 12483629 4449
3821 12488078 9564
3822 12497642 6379
3823 12504021 5728
3824 12509749 2874
3825 12512623 5675
3826 12518298 10391
3827 12528689 4304
3828 12532993 6100
3829 12539093 4630
3830 12543723 2283
3831 12546006 3426
3832 12549432 8859
3833 12558291 1812
3834 12560103 5718
3835 12565821 4036
3836 12569857 4038
3837 12573895 2617
3838 12576512 386
3839 12576898 1864
3840 12578762 7345
3841 12586107 4425
3842 12590532 2439
3843 12592971 1758
3844 12594729 3087
3845 12597816 3523
3846 12601339 2794
3847 12604133 5206
3848 12609339 1184
3849 12610523 1176
3850 12611699 3116
3851 12614815 7591
3852 12622406 7609
3853 12630015 1195
3854 12631210 6027
3855 12637237 1699
3856 12638936 2337
3857 12641273 4807
3858 12646080 1732
3859 12647812 3354
3860 12651166 1932
3861 12653098 1183
3862 12654281 2641
3863 12656922 684
3864 12657606 2802
3865 12660408 5185
3866 12665593 1660
3867 12667253 2833
3868 12670086 4149
3869 12674235 1259
3870 12675494 1121
3871 12676615 1618
3872 12678233 1193
3873 12679426 1670
3874 12681096 838
3875 12681934 879
3876 12682813 3810
3877 12686623 844
3878 12687467 3115
3879 12690582 7804
3880 12698386 2549
3881 12700935 1516
3882 12702451 3161
3883 12705612 1169
3884 12706781 2701
3885 12709482 2358
3886 12711840 1357
3887 12713197 1043
3888 12714240 3672
3889 12717912 3068
3890 12720980 1478
3891 12722458 8355
3892 12730813 1479
3893 12732292 2061
3894 12734353 966
3895 12735319 1673
3896 12736992 1633
3897 12738625 924
3898 12739549 2432
3899 12741981 9598
3900 12751579 3948
